Jan 28, 2026	14.72	14.78	14.64	14.72	14.72	3,156,700
Jan 27, 2026	14.49	14.65	14.41	14.57	14.57	3,060,600
Jan 26, 2026	14.49	14.60	14.42	14.44	14.44	4,815,300
Jan 23, 2026	14.47	14.63	14.46	14.50	14.50	4,371,500
Jan 22, 2026	0.085 Dividend
Jan 22, 2026	14.32	14.43	14.27	14.33	14.33	4,824,300
Jan 21, 2026	13.99	14.46	13.94	14.33	14.24	5,726,600
Jan 20, 2026	14.17	14.21	13.89	13.91	13.83	6,465,000
Jan 16, 2026	14.56	14.63	14.45	14.46	14.37	4,897,400
Jan 15, 2026	0.095 Dividend
Jan 15, 2026	14.40	14.58	14.39	14.46	14.37	5,798,700
Jan 14, 2026	14.38	14.38	14.12	14.30	14.12	6,323,200
Jan 13, 2026	14.39	14.56	14.28	14.45	14.27	5,936,200
Jan 12, 2026	14.24	14.50	14.24	14.36	14.18	6,188,400
Jan 9, 2026	14.38	14.45	14.27	14.36	14.18	4,144,500
Jan 8, 2026	0.105 Dividend
Jan 8, 2026	14.61	14.65	14.27	14.37	14.19	6,245,300
Jan 7, 2026	14.66	14.84	14.55	14.74	14.45	5,986,100
Jan 6, 2026	14.73	14.85	14.56	14.59	14.30	7,296,700
Jan 5, 2026	14.80	14.91	14.48	14.60	14.31	6,441,600
Jan 2, 2026	0.144 Dividend
Jan 2, 2026	14.67	14.81	14.58	14.62	14.33	5,370,000
Dec 31, 2025	14.79	14.85	14.60	14.61	14.18	5,122,200
Dec 30, 2025	14.68	14.74	14.61	14.66	14.23	4,013,100
Dec 29, 2025	14.64	14.70	14.52	14.70	14.27	4,269,300
Dec 26, 2025	0.116 Dividend
Dec 26, 2025	14.75	14.93	14.75	14.80	14.37	5,088,400
Dec 24, 2025	14.78	14.81	14.67	14.81	14.26	3,733,800
Dec 23, 2025	14.44	14.85	14.44	14.84	14.29	8,620,300
Dec 22, 2025	14.53	14.53	14.43	14.49	13.96	5,722,900
Dec 19, 2025	14.08	14.37	14.08	14.35	13.82	8,234,700
Dec 18, 2025	0.117 Dividend
Dec 18, 2025	13.96	14.08	13.79	13.93	13.42	5,376,800
Dec 17, 2025	14.22	14.23	13.77	13.83	13.21	8,310,900
Dec 16, 2025	14.20	14.34	14.12	14.31	13.67	4,979,400
Dec 15, 2025	14.31	14.33	14.10	14.20	13.56	4,507,000
Dec 12, 2025	14.53	14.63	14.07	14.10	13.47	5,681,900
Dec 11, 2025	0.149 Dividend
Dec 11, 2025	14.43	14.52	14.17	14.50	13.85	5,829,900
Dec 10, 2025	14.85	14.88	14.68	14.80	13.99	4,659,300
Dec 9, 2025	14.89	14.89	14.75	14.84	14.03	5,312,800
Dec 8, 2025	14.67	15.02	14.67	14.87	14.06	7,939,700
Dec 5, 2025	14.70	14.74	14.56	14.69	13.89	3,888,400
Dec 4, 2025	0.165 Dividend
Dec 4, 2025	14.54	14.71	14.46	14.68	13.88	4,671,500
Dec 3, 2025	14.67	14.74	14.54	14.58	13.63	5,246,500
Dec 2, 2025	14.70	14.90	14.59	14.67	13.71	6,012,300
Dec 1, 2025	14.25	14.60	14.18	14.58	13.63	5,538,100
Nov 28, 2025	0.163 Dividend
Nov 28, 2025	14.50	14.53	14.35	14.38	13.44	3,857,400
Nov 26, 2025	14.80	14.87	14.59	14.74	13.63	7,318,600
Nov 25, 2025	14.37	14.58	13.94	14.55	13.45	8,340,600
Nov 24, 2025	14.61	14.93	14.46	14.89	13.76	4,899,300
Nov 21, 2025	14.73	14.94	14.13	14.56	13.46	7,615,000
Nov 20, 2025	0.15 Dividend
Nov 20, 2025	15.65	15.70	14.63	14.69	13.58	9,425,500
Nov 19, 2025	15.02	15.26	14.93	15.20	13.91	5,716,000
Nov 18, 2025	14.95	15.02	14.68	14.79	13.54	5,469,400
Nov 17, 2025	15.14	15.33	15.01	15.17	13.88	4,928,400
Nov 14, 2025	14.84	15.45	14.70	15.41	14.10	4,809,200
Nov 13, 2025	0.144 Dividend
Nov 13, 2025	15.42	15.45	14.94	15.18	13.89	4,832,300
Nov 12, 2025	15.80	15.81	15.57	15.73	14.26	4,722,000
Nov 11, 2025	15.75	15.76	15.55	15.67	14.21	7,282,900
Nov 10, 2025	15.74	16.00	15.66	15.95	14.46	6,935,500
Nov 7, 2025	15.10	15.33	14.66	15.33	13.90	11,057,200
Nov 6, 2025	0.319 Dividend
Nov 6, 2025	16.01	16.09	15.21	15.35	13.92	10,212,000
Nov 5, 2025	16.49	16.81	16.19	16.20	14.40	6,522,100
Nov 4, 2025	16.80	16.86	16.43	16.49	14.66	5,575,400
Nov 3, 2025	17.09	17.29	17.00	17.04	15.15	6,987,700
Oct 31, 2025	16.97	17.06	16.73	16.74	14.88	6,701,800
Oct 30, 2025	0.182 Dividend
Oct 30, 2025	16.90	16.95	16.68	16.78	14.92	6,483,000
Oct 29, 2025	17.27	17.57	17.08	17.21	15.14	14,791,300
Oct 28, 2025	16.31	16.96	16.26	16.81	14.79	11,891,400
Oct 27, 2025	16.13	16.25	16.05	16.22	14.27	7,717,300
Oct 24, 2025	15.73	15.98	15.72	15.90	13.99	7,661,700
Oct 23, 2025	0.121 Dividend
Oct 23, 2025	15.48	15.68	15.42	15.61	13.73	7,513,700
Oct 22, 2025	15.64	15.80	15.28	15.57	13.59	8,317,400
Oct 21, 2025	15.72	15.73	15.52	15.63	13.64	6,202,300
Oct 20, 2025	15.71	15.86	15.64	15.69	13.69	5,733,800
Oct 17, 2025	15.44	15.76	15.44	15.71	13.71	7,879,800
Oct 16, 2025	0.109 Dividend
Oct 16, 2025	15.61	15.71	15.43	15.58	13.60	8,655,400
Oct 15, 2025	15.92	15.93	15.31	15.52	13.45	9,722,400
Oct 14, 2025	15.94	15.94	15.52	15.55	13.48	10,066,800
Oct 13, 2025	16.13	16.28	16.00	16.17	14.01	8,358,700
Oct 10, 2025	16.53	16.65	15.75	15.76	13.66	13,873,700
Oct 9, 2025	0.795 Dividend
Oct 9, 2025	16.40	16.58	16.35	16.47	14.27	9,315,200
Oct 8, 2025	16.80	17.02	16.80	17.01	14.05	8,824,200
Oct 7, 2025	16.75	16.97	16.60	16.66	13.76	6,881,800
Oct 6, 2025	16.70	16.82	16.53	16.69	13.79	7,820,300
Oct 3, 2025	16.95	17.03	16.67	16.84	13.91	5,963,300
Oct 2, 2025	16.96	17.03	16.90	16.93	13.99	6,609,200
Oct 1, 2025	16.76	16.89	16.69	16.85	13.92	4,302,300
Sep 30, 2025	16.60	16.85	16.57	16.80	13.88	6,674,500
Sep 29, 2025	16.48	16.68	16.47	16.57	13.69	5,231,100
Sep 26, 2025	16.33	16.35	16.08	16.33	13.49	5,255,000
Sep 25, 2025	16.00	16.45	15.89	16.28	13.45	7,757,900
Sep 24, 2025	16.34	16.36	16.07	16.20	13.38	6,469,200
Sep 23, 2025	16.48	16.50	16.18	16.28	13.45	5,692,700
Sep 22, 2025	16.10	16.64	16.06	16.58	13.70	7,639,700
Sep 19, 2025	16.10	16.25	16.05	16.15	13.34	5,112,000
Sep 18, 2025	15.97	16.20	15.88	16.12	13.32	8,659,800
Sep 17, 2025	15.87	15.90	15.48	15.65	12.93	6,766,700
Sep 16, 2025	16.22	16.25	16.00	16.05	13.26	4,555,800
Sep 15, 2025	16.10	16.30	16.01	16.26	13.43	5,569,800
Sep 12, 2025	16.23	16.29	16.16	16.26	13.43	4,499,000
Sep 11, 2025	0.643 Dividend
Sep 11, 2025	16.29	16.33	16.15	16.18	13.37	3,453,100
Sep 10, 2025	16.77	16.91	16.72	16.82	13.36	5,431,700
Sep 9, 2025	16.29	16.45	16.10	16.43	13.05	3,280,200
Sep 8, 2025	16.15	16.42	16.15	16.23	12.90	4,009,200
Sep 5, 2025	16.19	16.27	15.83	16.11	12.80	4,743,800
Sep 4, 2025	16.39	16.50	16.29	16.49	13.10	1,895,000
Sep 3, 2025	16.41	16.55	16.23	16.38	13.01	3,353,300
Sep 2, 2025	16.28	16.51	16.05	16.38	13.01	4,029,400
Aug 29, 2025	17.00	17.01	16.57	16.65	13.23	4,316,600
Aug 28, 2025	17.08	17.33	16.82	17.15	13.63	5,024,200
Aug 27, 2025	17.07	17.09	16.85	17.04	13.54	4,030,400
Aug 26, 2025	16.92	17.08	16.83	17.03	13.53	2,823,000
Aug 25, 2025	16.78	17.05	16.67	16.90	13.43	3,063,900
Aug 22, 2025	16.30	16.82	16.18	16.77	13.32	3,090,000
Aug 21, 2025	16.49	16.67	16.40	16.51	13.12	3,658,200
Aug 20, 2025	16.52	16.56	15.94	16.54	13.14	6,375,500
Aug 19, 2025	17.09	17.10	16.56	16.57	13.17	5,077,200
Aug 18, 2025	16.93	17.12	16.92	17.06	13.56	4,066,400
Aug 15, 2025	17.06	17.07	16.72	16.93	13.45	5,669,800
Aug 14, 2025	0.84 Dividend
Aug 14, 2025	16.88	17.15	16.85	17.07	13.56	4,682,500
Aug 13, 2025	17.94	18.03	17.65	17.86	13.52	6,242,800
Aug 12, 2025	17.93	17.98	17.65	17.96	13.60	5,762,200
Aug 11, 2025	17.83	17.98	17.70	17.85	13.52	5,395,400
Aug 8, 2025	17.80	17.92	17.71	17.88	13.54	3,551,200
Aug 7, 2025	17.79	17.93	17.56	17.73	13.42	4,665,300
Aug 6, 2025	17.34	17.64	17.33	17.62	13.34	2,663,900
Aug 5, 2025	17.58	17.63	17.28	17.48	13.24	3,549,800
Aug 4, 2025	17.22	17.60	17.16	17.59	13.32	3,309,600
Aug 1, 2025	17.08	17.30	16.77	17.06	12.92	5,888,400
Jul 31, 2025	17.73	17.73	17.23	17.40	13.18	4,785,700
Jul 30, 2025	17.34	17.54	17.30	17.50	13.25	3,692,900
Jul 29, 2025	17.42	17.50	17.24	17.26	13.07	3,724,100
Jul 28, 2025	17.14	17.34	17.14	17.33	13.12	3,329,100
Jul 25, 2025	17.08	17.19	17.04	17.08	12.93	3,368,100
Jul 24, 2025	16.95	17.10	16.86	17.09	12.94	3,390,600
Jul 23, 2025	16.66	16.84	16.53	16.79	12.71	3,949,200
Jul 22, 2025	16.83	16.83	16.19	16.43	12.44	4,446,100
Jul 21, 2025	16.91	16.98	16.81	16.83	12.74	5,178,500
Jul 18, 2025	16.97	17.00	16.79	16.89	12.79	5,401,400
Jul 17, 2025	1.029 Dividend
Jul 17, 2025	16.87	16.97	16.80	16.93	12.82	5,372,600
Jul 16, 2025	17.80	17.86	17.68	17.86	12.74	7,368,500
Jul 15, 2025	17.81	17.85	17.65	17.77	12.68	6,242,300
Jul 14, 2025	17.39	17.40	17.09	17.30	12.34	6,329,600
Jul 11, 2025	17.27	17.49	17.26	17.36	12.39	4,362,900
Jul 10, 2025	17.30	17.31	17.14	17.30	12.34	2,880,800
Jul 9, 2025	17.09	17.27	17.09	17.21	12.28	3,280,600
Jul 8, 2025	16.92	17.01	16.87	17.01	12.14	2,114,000
Jul 7, 2025	16.80	16.90	16.76	16.84	12.02	2,645,900
Jul 3, 2025	16.84	16.97	16.83	16.87	12.04	2,503,500
Jul 2, 2025	16.41	16.80	16.41	16.77	11.97	2,367,300
Jul 1, 2025	16.68	16.73	16.27	16.45	11.74	3,503,600
Jun 30, 2025	16.77	16.82	16.63	16.77	11.97	2,200,300
Jun 27, 2025	16.60	16.79	16.54	16.71	11.92	2,215,900
Jun 26, 2025	16.57	16.64	16.45	16.52	11.79	2,897,900
Jun 25, 2025	16.22	16.47	16.21	16.46	11.75	3,322,500
Jun 24, 2025	16.00	16.17	16.00	16.15	11.52	3,347,000
Jun 23, 2025	15.69	15.93	15.69	15.89	11.34	5,341,400
Jun 20, 2025	0.672 Dividend
Jun 20, 2025	15.96	16.00	15.72	15.84	11.30	3,680,900
Jun 18, 2025	16.46	16.63	16.41	16.62	11.38	4,145,300
Jun 17, 2025	16.49	16.54	16.43	16.45	11.26	3,698,400
Jun 16, 2025	16.36	16.58	16.35	16.47	11.28	4,051,400
Jun 13, 2025	16.24	16.37	16.12	16.21	11.10	2,840,100
Jun 12, 2025	16.17	16.49	16.17	16.49	11.29	2,026,000
Jun 11, 2025	16.40	16.41	16.16	16.26	11.13	2,407,400
Jun 10, 2025	16.19	16.35	16.09	16.32	11.17	2,389,600
Jun 9, 2025	16.22	16.34	16.10	16.16	11.06	2,491,500
Jun 6, 2025	16.10	16.19	16.04	16.06	11.00	1,781,100
Jun 5, 2025	16.07	16.21	15.76	15.87	10.87	2,349,000
Jun 4, 2025	16.04	16.07	15.87	16.04	10.98	1,401,200
Jun 3, 2025	15.79	16.03	15.77	15.97	10.93	1,688,600
Jun 2, 2025	15.53	15.76	15.52	15.71	10.76	2,327,300
May 30, 2025	15.85	15.93	15.22	15.45	10.58	3,069,900
May 29, 2025	15.97	16.11	15.74	15.87	10.87	3,747,800
May 28, 2025	15.39	15.47	15.24	15.29	10.47	2,586,800
May 27, 2025	15.23	15.35	15.13	15.33	10.50	3,076,200
May 23, 2025	14.77	15.02	14.68	14.92	10.22	4,429,700
May 22, 2025	1.628 Dividend
May 22, 2025	15.00	15.21	14.93	15.05	10.30	2,965,400
May 21, 2025	16.72	17.19	16.40	16.52	10.20	5,411,700
May 20, 2025	16.80	16.86	16.64	16.86	10.41	2,715,800
May 19, 2025	16.55	16.95	16.53	16.93	10.45	2,783,100
May 16, 2025	16.92	16.95	16.70	16.84	10.39	1,819,700
May 15, 2025	16.71	16.92	16.58	16.77	10.35	1,672,200
May 14, 2025	16.65	16.83	16.50	16.83	10.39	2,012,300
May 13, 2025	15.98	16.43	15.96	16.32	10.07	2,585,400
May 12, 2025	15.80	15.89	15.69	15.86	9.79	2,009,100
May 9, 2025	15.42	15.49	15.17	15.33	9.46	1,023,600
May 8, 2025	15.43	15.48	15.20	15.36	9.48	917,300
May 7, 2025	14.88	15.37	14.78	15.26	9.42	1,159,000
May 6, 2025	14.68	15.03	14.59	14.92	9.21	958,700
May 5, 2025	14.83	15.01	14.80	14.91	9.20	992,300
May 2, 2025	14.94	15.02	14.90	14.96	9.23	1,437,800
May 1, 2025	14.78	14.90	14.68	14.68	9.06	1,609,500
Apr 30, 2025	13.87	14.38	13.79	14.38	8.88	1,386,700
Apr 29, 2025	14.23	14.47	14.19	14.34	8.85	1,222,700
Apr 28, 2025	14.40	14.43	14.01	14.27	8.81	2,070,800
Apr 25, 2025	14.17	14.49	14.10	14.43	8.91	3,277,900
Apr 24, 2025	0.673 Dividend
Apr 24, 2025	13.80	14.13	13.80	14.13	8.72	1,561,900
Apr 23, 2025	14.56	14.60	14.31	14.39	8.47	2,598,400
Apr 22, 2025	13.84	14.01	13.68	13.91	8.18	2,015,100
Apr 21, 2025	13.87	13.91	13.36	13.61	8.01	3,053,800
Apr 17, 2025	14.54	14.56	13.96	14.11	8.30	1,492,100
Apr 16, 2025	14.56	14.87	14.02	14.55	8.56	2,597,600
Apr 15, 2025	15.34	15.63	15.33	15.50	9.12	1,338,600
Apr 14, 2025	15.60	15.63	15.10	15.30	9.00	1,722,200
Apr 11, 2025	14.89	15.28	14.83	15.23	8.96	1,544,400
Apr 10, 2025	14.97	15.10	14.22	14.80	8.71	1,752,800
Apr 9, 2025	13.91	15.48	13.84	15.35	9.03	3,498,800
Apr 8, 2025	14.45	14.62	13.46	13.73	8.08	1,804,800
Apr 7, 2025	12.58	14.25	12.47	13.79	8.11	3,751,100
Apr 4, 2025	14.10	14.27	13.15	13.46	7.92	4,295,500
Apr 3, 2025	14.75	15.02	14.48	14.50	8.53	2,278,700
Apr 2, 2025	15.25	15.82	15.17	15.61	9.18	1,609,300
Apr 1, 2025	15.40	15.60	15.14	15.58	9.17	1,219,900
Mar 31, 2025	14.95	15.42	14.73	15.38	9.05	2,812,300
Mar 28, 2025	15.74	15.91	15.40	15.49	9.11	3,302,600
Mar 27, 2025	0.787 Dividend
Mar 27, 2025	15.71	16.13	15.61	15.73	9.25	3,254,700
Mar 26, 2025	17.46	17.49	16.67	16.83	9.44	4,201,000
Mar 25, 2025	17.65	17.73	17.48	17.68	9.92	2,968,900
Mar 24, 2025	17.57	17.77	17.51	17.69	9.92	3,151,500
Mar 21, 2025	17.20	17.33	16.98	17.29	9.70	1,783,900
Mar 20, 2025	17.09	17.56	17.08	17.35	9.73	1,517,900
Mar 19, 2025	17.12	17.57	16.92	17.18	9.64	1,469,000
Mar 18, 2025	17.16	17.26	16.70	16.89	9.47	1,775,100
Mar 17, 2025	17.67	17.70	17.13	17.31	9.71	2,260,400
Mar 14, 2025	17.30	17.53	17.26	17.50	9.81	1,864,700
Mar 13, 2025	17.13	17.20	16.80	17.04	9.56	1,352,200
Mar 12, 2025	16.75	17.05	16.64	16.95	9.51	1,820,900
Mar 11, 2025	15.82	16.52	15.56	16.08	9.02	1,910,800
Mar 10, 2025	16.26	16.47	15.64	15.83	8.88	3,591,800
Mar 7, 2025	16.35	16.68	15.90	16.56	9.29	2,334,400
Mar 6, 2025	16.70	16.94	16.23	16.30	9.14	2,859,000
Mar 5, 2025	17.20	17.30	16.78	17.19	9.64	1,925,100
Mar 4, 2025	16.19	17.42	16.14	16.95	9.51	3,946,700
Mar 3, 2025	18.00	18.01	16.45	16.67	9.35	4,272,700
Feb 28, 2025	17.21	18.15	16.97	18.14	10.17	4,645,800
Feb 27, 2025	1.612 Dividend
Feb 27, 2025	19.69	19.69	17.50	17.51	9.82	5,443,300
Feb 26, 2025	20.35	20.90	20.19	20.61	10.66	3,895,400
Feb 25, 2025	20.33	20.38	19.55	19.88	10.28	3,092,500
Feb 24, 2025	21.33	21.52	20.40	20.40	10.55	3,028,800
Feb 21, 2025	21.69	21.80	20.93	20.99	10.85	2,196,300
Feb 20, 2025	21.55	21.67	21.23	21.67	11.20	1,542,500
Feb 19, 2025	21.48	21.64	21.22	21.49	11.11	1,374,600
Feb 18, 2025	21.61	21.79	21.27	21.42	11.07	1,751,700
Feb 14, 2025	21.03	21.34	21.00	21.29	11.01	1,654,500
Feb 13, 2025	20.63	21.01	20.58	20.95	10.83	1,583,300
Feb 12, 2025	20.35	20.64	20.28	20.60	10.65	1,123,600
Feb 11, 2025	20.61	20.83	20.49	20.64	10.67	1,127,100
Feb 10, 2025	20.38	20.86	20.35	20.71	10.71	1,778,300
Feb 7, 2025	20.17	20.30	20.03	20.29	10.49	1,882,100
Feb 6, 2025	19.90	20.08	19.67	20.08	10.38	1,895,000
Feb 5, 2025	19.14	19.60	19.02	19.60	10.13	2,447,500
Feb 4, 2025	18.38	19.02	18.38	18.70	9.67	2,184,200
Feb 3, 2025	18.03	18.62	17.82	18.32	9.47	4,086,200
Jan 31, 2025	19.31	19.77	18.68	18.83	9.73	3,784,900
Jan 30, 2025	0.829 Dividend
Jan 30, 2025	19.05	19.36	18.37	19.36	10.01	4,688,700
