Jan 28, 2026	35.81	35.99	34.83	35.20	35.20	972,500
Jan 27, 2026	35.88	35.88	34.96	35.42	35.42	448,000
Jan 26, 2026	35.63	36.14	35.45	35.84	35.84	627,600
Jan 23, 2026	37.13	37.16	36.17	36.34	36.34	550,000
Jan 22, 2026	0.222 Dividend
Jan 22, 2026	38.04	38.34	37.24	37.29	37.29	460,300
Jan 21, 2026	38.27	38.74	37.31	38.02	37.80	636,000
Jan 20, 2026	38.94	39.26	37.88	38.22	38.00	771,100
Jan 16, 2026	39.95	40.41	39.40	40.15	39.92	316,100
Jan 15, 2026	0.397 Dividend
Jan 15, 2026	41.54	41.54	39.58	39.88	39.65	503,300
Jan 14, 2026	42.66	43.42	42.24	42.58	41.94	498,500
Jan 13, 2026	41.34	42.58	41.25	42.26	41.62	403,600
Jan 12, 2026	40.41	41.55	40.20	40.98	40.36	433,800
Jan 9, 2026	41.22	41.29	40.02	40.61	40.00	523,800
Jan 8, 2026	0.409 Dividend
Jan 8, 2026	40.95	41.65	40.74	41.13	40.51	258,200
Jan 7, 2026	41.97	41.97	40.97	41.62	40.59	284,000
Jan 6, 2026	42.75	43.12	41.60	42.11	41.07	790,400
Jan 5, 2026	41.77	43.25	41.74	42.70	41.64	2,143,100
Jan 2, 2026	0.434 Dividend
Jan 2, 2026	39.56	40.66	38.90	40.41	39.41	837,800
Dec 31, 2025	40.17	40.33	39.24	39.35	37.95	683,200
Dec 30, 2025	40.49	40.88	40.16	40.21	38.78	1,068,100
Dec 29, 2025	40.46	41.35	40.35	40.50	39.06	1,126,200
Dec 26, 2025	0.494 Dividend
Dec 26, 2025	41.39	41.42	40.30	40.92	39.47	668,200
Dec 24, 2025	41.87	42.00	41.44	41.83	39.87	427,500
Dec 23, 2025	42.32	42.53	41.63	42.23	40.25	438,200
Dec 22, 2025	43.34	43.76	42.85	42.94	40.92	746,800
Dec 19, 2025	42.41	42.65	41.80	42.46	40.47	728,100
Dec 18, 2025	0.51 Dividend
Dec 18, 2025	43.59	44.00	41.50	41.50	39.55	422,200
Dec 17, 2025	44.50	45.22	42.64	42.72	40.23	378,300
Dec 16, 2025	44.21	44.75	43.76	44.13	41.56	298,600
Dec 15, 2025	46.24	46.37	43.15	43.69	41.14	639,500
Dec 12, 2025	46.83	47.61	45.56	46.22	43.52	655,500
Dec 11, 2025	0.39 Dividend
Dec 11, 2025	46.03	46.70	45.14	46.46	43.75	454,500
Dec 10, 2025	47.07	47.94	46.88	47.49	44.35	409,100
Dec 9, 2025	46.78	48.54	46.26	47.68	44.53	968,200
Dec 8, 2025	47.00	47.50	46.55	47.20	44.08	495,800
Dec 5, 2025	46.56	47.01	45.74	46.53	43.46	621,100
Dec 4, 2025	1.131 Dividend
Dec 4, 2025	46.85	47.73	46.67	47.04	43.93	480,600
Dec 3, 2025	47.26	48.54	46.71	48.45	44.19	1,019,900
Dec 2, 2025	1:10 Stock Splits
Dec 2, 2025	47.03	47.83	46.51	46.51	42.42	1,446,000
Dec 1, 2025	45.90	46.80	44.60	45.80	41.78	2,273,810
Nov 28, 2025	0.66 Dividend
Nov 28, 2025	48.05	48.75	47.50	47.80	43.60	1,105,360
Nov 26, 2025	46.50	48.00	46.30	47.70	42.91	1,859,030
Nov 25, 2025	45.30	46.40	44.30	46.30	41.65	1,837,240
Nov 24, 2025	44.80	46.70	44.61	46.60	41.92	1,657,180
Nov 21, 2025	44.60	45.00	42.50	44.10	39.67	2,560,190
Nov 20, 2025	0.64 Dividend
Nov 20, 2025	47.40	48.10	43.32	43.80	39.40	3,182,650
Nov 19, 2025	48.40	48.70	45.80	47.60	42.24	2,778,930
Nov 18, 2025	48.10	50.00	48.10	48.50	43.04	2,750,180
Nov 17, 2025	50.30	51.20	47.80	48.70	43.22	3,603,650
Nov 14, 2025	49.40	53.40	49.35	52.00	46.15	2,947,280
Nov 13, 2025	0.83 Dividend
Nov 13, 2025	55.00	55.25	51.30	52.00	46.15	2,977,150
Nov 12, 2025	56.80	57.20	55.70	56.10	49.05	2,195,610
Nov 11, 2025	57.20	57.90	56.00	56.10	49.05	2,116,460
Nov 10, 2025	58.40	58.95	57.10	57.90	50.62	2,934,420
Nov 7, 2025	53.50	56.90	52.50	56.60	49.49	3,180,140
Nov 6, 2025	0.89 Dividend
Nov 6, 2025	57.90	58.00	54.34	54.40	47.56	2,796,260
Nov 5, 2025	58.60	60.10	57.81	59.30	51.07	2,683,040
Nov 4, 2025	59.50	60.33	57.00	57.10	49.17	2,912,040
Nov 3, 2025	63.10	63.15	60.40	61.20	52.70	2,390,430
Oct 31, 2025	62.20	65.35	61.85	63.40	54.60	2,513,650
Oct 30, 2025	1.35 Dividend
Oct 30, 2025	62.60	62.90	60.40	60.60	52.19	2,208,470
Oct 29, 2025	66.10	66.60	64.30	64.90	54.73	2,326,420
Oct 28, 2025	67.00	67.90	65.70	65.80	55.49	1,955,430
Oct 27, 2025	66.90	68.67	66.10	66.70	56.25	3,139,890
Oct 24, 2025	62.80	66.00	62.60	65.60	55.32	3,031,550
Oct 23, 2025	0.93 Dividend
Oct 23, 2025	60.90	61.85	60.10	60.90	51.36	2,475,180
Oct 22, 2025	63.80	63.80	59.50	61.50	51.08	2,779,560
Oct 21, 2025	64.50	65.25	63.80	64.30	53.40	2,433,540
Oct 20, 2025	64.70	66.50	64.40	64.90	53.90	2,247,730
Oct 17, 2025	61.00	63.80	60.65	63.80	52.99	2,539,140
Oct 16, 2025	3.46 Dividend
Oct 16, 2025	64.50	64.90	62.50	62.80	52.16	2,388,490
Oct 15, 2025	69.00	69.30	66.75	67.40	53.10	2,341,030
Oct 14, 2025	68.20	70.30	66.90	68.20	53.73	2,348,200
Oct 13, 2025	72.60	72.60	68.50	71.00	55.94	2,344,890
Oct 10, 2025	76.70	78.20	70.10	71.10	56.02	3,384,810
Oct 9, 2025	76.10	77.20	75.90	76.50	60.27	2,026,230
Oct 8, 2025	75.20	77.00	74.95	76.50	60.27	1,643,350
Oct 7, 2025	76.40	76.65	72.82	74.80	58.93	1,855,290
Oct 6, 2025	76.80	77.20	75.55	76.30	60.12	1,932,070
Oct 3, 2025	74.20	76.00	73.80	75.40	59.41	2,038,880
Oct 2, 2025	71.30	74.75	71.11	74.00	58.30	2,562,460
Oct 1, 2025	69.60	70.70	69.35	70.00	55.15	1,515,550
Sep 30, 2025	67.50	69.00	67.50	68.80	54.21	1,284,000
Sep 29, 2025	65.80	68.38	65.60	68.30	53.81	1,604,280
Sep 26, 2025	64.20	65.20	63.20	64.80	51.06	1,457,950
Sep 25, 2025	65.30	65.90	63.35	63.70	50.19	1,829,070
Sep 24, 2025	66.80	67.60	66.40	66.70	52.55	1,042,880
Sep 23, 2025	68.80	69.10	65.70	66.30	52.24	1,784,080
Sep 22, 2025	68.70	69.20	67.70	68.50	53.97	1,592,240
Sep 19, 2025	70.10	71.10	69.30	70.10	55.23	1,888,400
Sep 18, 2025	4.52 Dividend
Sep 18, 2025	68.00	71.30	67.50	70.20	55.31	2,042,790
Sep 17, 2025	72.50	72.70	69.54	71.40	52.69	1,805,180
Sep 16, 2025	73.30	73.50	71.40	72.70	53.65	945,790
Sep 15, 2025	71.40	72.60	71.30	72.40	53.43	1,317,370
Sep 12, 2025	72.30	72.50	71.10	71.50	52.77	1,044,690
Sep 11, 2025	70.70	72.00	70.55	71.70	52.92	1,176,530
Sep 10, 2025	71.50	72.30	70.00	70.40	51.96	1,571,570
Sep 9, 2025	69.00	71.20	69.00	71.10	52.47	1,174,310
Sep 8, 2025	68.30	69.50	67.72	68.70	50.70	1,190,220
Sep 5, 2025	70.50	71.15	66.60	68.10	50.26	1,897,900
Sep 4, 2025	68.40	69.70	68.20	69.50	51.29	1,147,230
Sep 3, 2025	69.00	69.69	68.20	68.50	50.55	1,107,730
Sep 2, 2025	67.80	69.80	66.90	68.50	50.55	1,297,630
Aug 29, 2025	68.80	69.40	68.00	68.60	50.63	1,441,980
Aug 28, 2025	69.80	70.50	68.95	69.30	51.14	1,410,260
Aug 27, 2025	68.60	69.80	68.60	69.20	51.07	1,336,030
Aug 26, 2025	68.30	69.10	67.40	69.00	50.92	1,487,310
Aug 25, 2025	69.35	70.00	68.16	68.30	50.41	1,569,770
Aug 22, 2025	66.90	70.90	66.40	70.50	52.03	2,202,630
Aug 21, 2025	3.44 Dividend
Aug 21, 2025	67.00	67.90	66.70	66.90	49.37	1,453,890
Aug 20, 2025	71.20	71.55	68.30	71.30	50.08	2,077,950
Aug 19, 2025	74.60	74.70	70.50	70.70	49.66	1,971,950
Aug 18, 2025	72.65	75.00	71.60	74.60	52.40	1,986,430
Aug 15, 2025	74.60	74.70	72.92	73.50	51.63	1,191,790
Aug 14, 2025	73.80	75.15	73.10	74.70	52.47	998,280
Aug 13, 2025	75.40	77.20	74.20	75.10	52.75	1,314,550
Aug 12, 2025	75.30	75.50	73.10	74.70	52.47	848,660
Aug 11, 2025	74.20	75.80	73.80	73.80	51.84	1,220,990
Aug 8, 2025	72.70	73.00	70.70	72.60	50.99	999,720
Aug 7, 2025	72.30	73.70	71.70	72.50	50.92	1,402,780
Aug 6, 2025	69.70	71.20	68.60	71.00	49.87	1,430,380
Aug 5, 2025	71.90	72.90	69.60	69.80	49.03	2,166,490
Aug 4, 2025	74.40	74.90	72.40	74.10	52.05	1,840,860
Aug 1, 2025	78.60	78.60	72.10	73.00	51.28	3,232,190
Jul 31, 2025	88.10	89.00	86.97	87.10	61.18	1,219,530
Jul 30, 2025	87.90	88.80	86.00	86.90	61.04	1,188,120
Jul 29, 2025	88.00	88.30	84.50	85.60	60.13	972,390
Jul 28, 2025	90.50	90.50	86.40	87.30	61.32	1,314,410
Jul 25, 2025	89.80	90.80	88.50	89.90	63.15	1,217,020
Jul 24, 2025	7.95 Dividend
Jul 24, 2025	92.30	92.30	89.50	90.50	63.57	1,222,860
Jul 23, 2025	99.30	99.50	96.40	98.70	63.74	2,048,730
Jul 22, 2025	103.50	103.50	97.80	100.10	64.65	1,771,040
Jul 21, 2025	104.40	106.60	101.90	102.10	65.94	1,998,410
Jul 18, 2025	105.00	107.00	100.90	103.20	66.65	2,542,540
Jul 17, 2025	101.30	103.90	100.50	103.10	66.58	1,378,010
Jul 16, 2025	99.90	101.97	99.70	100.90	65.16	1,210,510
Jul 15, 2025	99.30	101.00	95.70	98.70	63.74	1,448,530
Jul 14, 2025	99.50	100.40	98.70	99.70	64.39	1,278,970
Jul 11, 2025	98.80	99.60	96.50	98.20	63.42	1,129,570
Jul 10, 2025	95.50	98.30	95.00	98.30	63.48	1,374,250
Jul 9, 2025	93.00	95.60	92.50	95.60	61.74	1,226,230
Jul 8, 2025	93.50	94.60	91.09	92.50	59.74	1,110,620
Jul 7, 2025	91.60	93.70	91.29	92.60	59.80	1,067,610
Jul 3, 2025	90.70	92.40	90.60	91.90	59.35	576,190
Jul 2, 2025	88.60	92.00	88.40	91.50	59.09	1,101,730
Jul 1, 2025	88.50	92.00	87.20	87.60	56.57	1,537,150
Jun 30, 2025	93.10	93.70	90.70	91.30	58.96	1,299,870
Jun 27, 2025	95.40	96.09	90.25	91.80	59.29	1,879,200
Jun 26, 2025	5.35 Dividend
Jun 26, 2025	93.10	97.85	93.00	96.60	62.39	1,234,590
Jun 25, 2025	99.20	100.90	96.05	98.50	60.16	1,417,840
Jun 24, 2025	91.50	97.00	91.17	96.10	58.69	1,535,150
Jun 23, 2025	88.90	91.20	87.20	90.10	55.03	1,123,010
Jun 20, 2025	89.00	90.10	87.81	89.80	54.85	898,230
Jun 18, 2025	79.60	87.80	79.10	87.10	53.20	1,107,550
Jun 17, 2025	80.30	80.80	78.21	79.50	48.55	421,940
Jun 16, 2025	78.20	81.60	77.86	81.20	49.59	543,590
Jun 13, 2025	75.60	77.10	75.00	77.10	47.09	488,490
Jun 12, 2025	78.60	78.70	76.30	76.90	46.97	577,930
Jun 11, 2025	80.90	81.60	79.00	79.50	48.55	371,610
Jun 10, 2025	81.10	81.80	79.61	80.50	49.17	354,250
Jun 9, 2025	80.20	80.90	79.50	80.70	49.29	404,770
Jun 6, 2025	78.80	80.35	78.80	79.00	48.25	343,950
Jun 5, 2025	81.40	82.45	75.80	77.10	47.09	590,950
Jun 4, 2025	80.60	81.35	79.71	80.10	48.92	362,060
Jun 3, 2025	78.00	81.00	77.41	80.60	49.23	542,830
Jun 2, 2025	77.60	78.20	76.30	77.40	47.27	482,910
May 30, 2025	77.40	78.20	76.40	77.00	47.03	712,120
May 29, 2025	7.35 Dividend
May 29, 2025	80.80	80.90	77.10	77.50	47.33	888,300
May 28, 2025	90.00	90.10	86.50	86.70	48.46	1,146,180
May 27, 2025	90.50	90.85	89.55	90.20	50.42	957,650
May 23, 2025	88.40	89.70	87.82	88.80	49.64	520,350
May 22, 2025	89.00	91.20	88.40	90.30	50.48	521,820
May 21, 2025	87.50	89.60	86.60	87.00	48.63	572,960
May 20, 2025	88.30	88.40	86.40	87.50	48.91	479,090
May 19, 2025	86.20	88.18	86.20	87.60	48.97	486,570
May 16, 2025	84.30	88.40	84.00	87.60	48.97	738,600
May 15, 2025	85.90	86.20	81.20	82.40	46.06	768,570
May 14, 2025	86.00	87.87	85.10	87.70	49.02	470,750
May 13, 2025	81.60	86.75	81.45	85.70	47.90	1,020,940
May 12, 2025	77.40	78.80	76.90	77.30	43.21	708,700
May 9, 2025	76.60	79.70	74.50	74.90	41.87	752,760
May 8, 2025	76.10	77.70	75.39	76.50	42.76	467,060
May 7, 2025	74.30	74.55	72.40	73.20	40.92	343,700
May 6, 2025	73.00	73.95	72.20	73.50	41.08	306,980
May 5, 2025	75.00	75.50	73.90	74.30	41.53	467,820
May 2, 2025	75.60	76.90	74.90	75.80	42.37	638,830
May 1, 2025	6.51 Dividend
May 1, 2025	76.60	76.80	74.40	74.50	41.64	750,940
Apr 30, 2025	80.30	81.40	78.90	81.20	41.75	813,600
Apr 29, 2025	82.10	82.75	81.30	82.30	42.32	419,690
Apr 28, 2025	82.90	83.00	79.10	81.80	42.06	616,340
Apr 25, 2025	81.80	83.39	81.33	82.90	42.62	383,990
Apr 24, 2025	78.00	81.30	78.00	81.10	41.70	281,710
Apr 23, 2025	79.30	79.80	77.60	78.30	40.26	407,540
Apr 22, 2025	74.60	78.10	74.60	77.00	39.59	381,530
Apr 21, 2025	73.30	74.25	72.08	73.50	37.79	282,260
Apr 17, 2025	72.50	74.00	71.75	73.10	37.58	316,850
Apr 16, 2025	71.60	72.89	70.46	71.90	36.97	292,250
Apr 15, 2025	73.70	74.30	71.90	73.20	37.64	305,890
Apr 14, 2025	73.80	74.65	71.40	73.20	37.64	348,290
Apr 11, 2025	70.20	72.90	69.05	72.20	37.12	253,380
Apr 10, 2025	70.00	71.40	65.51	69.70	35.84	417,080
Apr 9, 2025	64.70	74.60	64.70	72.40	37.23	555,100
Apr 8, 2025	69.60	70.55	63.30	64.70	33.27	526,900
Apr 7, 2025	62.10	70.50	61.10	67.00	34.45	700,400
Apr 4, 2025	70.10	70.90	62.63	67.60	34.76	794,840
Apr 3, 2025	4.38 Dividend
Apr 3, 2025	71.90	72.70	69.80	72.20	37.12	592,570
Apr 2, 2025	76.20	80.95	76.20	80.80	39.29	648,690
Apr 1, 2025	77.00	78.20	75.20	77.70	37.78	445,570
Mar 31, 2025	75.20	77.11	73.00	76.70	37.30	471,510
Mar 28, 2025	82.30	82.50	76.74	77.30	37.59	634,070
Mar 27, 2025	85.00	85.95	82.95	83.40	40.56	344,280
Mar 26, 2025	89.10	90.00	84.80	85.50	41.58	284,240
Mar 25, 2025	89.00	90.00	87.20	89.10	43.33	494,230
Mar 24, 2025	88.90	89.00	86.75	89.00	43.28	399,110
Mar 21, 2025	83.80	85.45	82.80	85.30	41.48	198,550
Mar 20, 2025	83.30	86.15	83.30	85.30	41.48	241,880
Mar 19, 2025	82.70	86.00	82.05	84.60	41.14	257,750
Mar 18, 2025	82.90	83.08	80.20	81.20	39.49	293,010
Mar 17, 2025	81.40	85.20	80.90	83.90	40.80	460,470
Mar 14, 2025	81.60	82.90	79.95	81.70	39.73	365,110
Mar 13, 2025	83.80	83.80	78.80	78.90	38.37	610,230
Mar 12, 2025	86.90	88.20	81.65	85.10	41.38	390,460
Mar 11, 2025	82.40	86.50	81.31	84.90	41.29	564,490
Mar 10, 2025	90.50	91.20	78.50	79.40	38.61	1,007,260
Mar 7, 2025	93.95	96.60	90.60	95.00	46.20	710,420
Mar 6, 2025	5.99 Dividend
Mar 6, 2025	93.80	97.40	93.20	93.60	45.52	723,190
Mar 5, 2025	99.60	102.10	96.50	101.70	46.54	718,980
Mar 4, 2025	93.40	100.20	89.90	97.90	44.80	838,180
Mar 3, 2025	104.30	104.96	94.30	95.20	43.57	887,780
Feb 28, 2025	95.00	99.45	93.10	99.30	45.44	516,190
Feb 27, 2025	100.40	101.46	95.90	96.20	44.03	544,840
Feb 26, 2025	97.60	99.95	95.60	97.80	44.76	552,980
Feb 25, 2025	100.60	101.90	94.00	97.30	44.53	1,014,490
Feb 24, 2025	109.00	109.20	102.40	104.00	47.60	870,940
Feb 21, 2025	120.10	120.20	106.90	107.10	49.01	881,570
Feb 20, 2025	117.50	118.20	113.10	115.90	53.04	534,890
Feb 19, 2025	119.90	120.10	116.30	116.70	53.41	514,600
Feb 18, 2025	124.20	124.40	117.40	119.00	54.46	661,570
Feb 14, 2025	127.50	128.90	122.10	122.50	56.06	539,400
Feb 13, 2025	125.00	130.10	124.30	128.90	58.99	598,470
Feb 12, 2025	117.50	122.45	117.20	121.30	55.51	388,240
Feb 11, 2025	122.60	122.80	117.90	118.40	54.19	469,970
Feb 10, 2025	123.10	124.80	121.05	123.20	56.38	491,380
Feb 7, 2025	120.40	123.48	119.60	120.50	55.15	568,800
Feb 6, 2025	10.47 Dividend
Feb 6, 2025	123.00	124.80	118.40	119.00	54.46	814,160
Feb 5, 2025	135.10	135.85	131.10	131.20	55.25	867,690
Feb 4, 2025	134.90	137.20	132.90	133.70	56.30	439,470
Feb 3, 2025	130.00	136.50	128.90	135.10	56.89	501,620
Jan 31, 2025	141.20	142.25	135.89	137.50	57.90	305,350
Jan 30, 2025	137.90	141.80	137.50	140.10	59.00	370,800
Jan 29, 2025	133.20	137.50	130.80	136.60	57.53	253,490
