Jan 28, 2026	27.74	28.36	27.74	28.18	28.18	71,000
Jan 27, 2026	27.83	28.27	27.83	27.97	27.97	47,700
Jan 26, 2026	27.83	27.94	27.61	27.83	27.83	54,200
Jan 23, 2026	26.93	27.54	26.93	27.47	27.47	42,200
Jan 22, 2026	0.261 Dividend
Jan 22, 2026	26.50	26.94	26.48	26.91	26.91	65,400
Jan 21, 2026	26.77	27.25	26.65	26.89	26.63	48,800
Jan 20, 2026	26.48	27.00	26.43	26.85	26.59	59,700
Jan 16, 2026	25.78	26.23	25.78	25.88	25.63	47,600
Jan 15, 2026	0.245 Dividend
Jan 15, 2026	24.94	26.15	24.94	26.00	25.75	46,900
Jan 14, 2026	24.68	25.01	24.08	24.72	24.24	67,800
Jan 13, 2026	25.63	25.69	24.82	25.01	24.52	72,100
Jan 12, 2026	26.08	26.10	25.50	25.91	25.40	44,900
Jan 9, 2026	25.56	26.34	25.56	26.01	25.50	73,200
Jan 8, 2026	0.27 Dividend
Jan 8, 2026	26.24	26.24	25.37	25.61	25.11	168,900
Jan 7, 2026	25.52	26.40	25.52	25.88	25.11	55,100
Jan 6, 2026	24.94	25.83	24.60	25.40	24.64	133,500
Jan 5, 2026	25.72	25.78	24.50	24.92	24.18	107,200
Jan 2, 2026	0.413 Dividend
Jan 2, 2026	27.40	27.74	26.60	26.86	26.06	123,800
Dec 31, 2025	27.75	28.09	27.70	27.97	26.74	48,900
Dec 30, 2025	27.43	27.68	27.31	27.68	26.46	53,600
Dec 29, 2025	27.24	27.50	26.96	27.43	26.22	128,000
Dec 26, 2025	0.393 Dividend
Dec 26, 2025	26.92	27.29	26.92	27.20	26.00	262,600
Dec 24, 2025	27.24	27.44	27.24	27.29	25.71	62,600
Dec 23, 2025	26.92	27.35	26.92	27.14	25.57	80,600
Dec 22, 2025	26.50	26.76	26.40	26.76	25.21	54,500
Dec 19, 2025	26.83	27.15	26.72	26.78	25.23	79,000
Dec 18, 2025	0.405 Dividend
Dec 18, 2025	26.37	27.31	26.20	27.26	25.68	86,600
Dec 17, 2025	26.70	27.41	26.33	27.41	25.44	95,400
Dec 16, 2025	26.65	26.89	26.45	26.78	24.86	84,900
Dec 15, 2025	25.68	27.16	25.68	26.91	24.98	120,700
Dec 12, 2025	25.25	25.77	24.80	25.71	23.86	93,900
Dec 11, 2025	0.321 Dividend
Dec 11, 2025	25.34	25.80	25.27	25.42	23.60	162,300
Dec 10, 2025	25.24	25.36	24.90	25.12	23.02	72,500
Dec 9, 2025	25.32	25.35	24.36	24.89	22.81	58,900
Dec 8, 2025	25.13	25.36	24.96	25.13	23.03	52,500
Dec 5, 2025	25.28	25.70	25.17	25.36	23.24	83,300
Dec 4, 2025	0.399 Dividend
Dec 4, 2025	25.01	25.30	24.63	25.06	22.96	99,400
Dec 3, 2025	26.00	26.18	25.20	25.24	22.76	163,600
Dec 2, 2025	1:10 Stock Splits
Dec 2, 2025	25.94	26.31	25.60	26.31	23.73	142,200
Dec 1, 2025	26.40	27.10	26.00	26.60	23.99	682,340
Nov 28, 2025	0.69 Dividend
Nov 28, 2025	25.60	25.75	24.80	25.40	22.91	112,530
Nov 26, 2025	27.60	27.95	26.60	26.80	23.55	432,690
Nov 25, 2025	28.40	29.10	27.80	27.90	24.51	269,540
Nov 24, 2025	28.70	29.00	28.10	28.30	24.87	545,040
Nov 21, 2025	28.60	29.90	28.50	28.90	25.39	258,210
Nov 20, 2025	0.68 Dividend
Nov 20, 2025	27.40	29.38	27.35	29.10	25.57	253,790
Nov 19, 2025	28.10	29.20	28.10	28.40	24.36	305,670
Nov 18, 2025	28.10	28.19	27.50	28.10	24.10	146,230
Nov 17, 2025	27.30	28.40	27.20	28.00	24.01	184,940
Nov 14, 2025	27.10	27.29	26.16	26.70	22.90	234,230
Nov 13, 2025	0.62 Dividend
Nov 13, 2025	25.40	26.75	25.35	26.50	22.73	211,840
Nov 12, 2025	25.50	26.10	25.40	25.90	21.68	253,680
Nov 11, 2025	25.20	25.95	24.90	25.80	21.60	98,840
Nov 10, 2025	24.40	25.22	24.25	24.80	20.76	97,880
Nov 7, 2025	26.60	27.00	25.20	25.40	21.26	293,460
Nov 6, 2025	0.43 Dividend
Nov 6, 2025	24.90	26.30	24.90	26.20	21.93	152,390
Nov 5, 2025	25.40	25.76	25.00	25.20	20.73	94,050
Nov 4, 2025	25.30	26.00	25.05	25.90	21.31	120,110
Nov 3, 2025	24.30	25.00	24.20	24.80	20.41	110,520
Oct 31, 2025	24.60	24.63	23.10	24.20	19.91	213,980
Oct 30, 2025	0.36 Dividend
Oct 30, 2025	24.00	24.85	24.00	24.80	20.41	218,540
Oct 29, 2025	23.80	24.40	23.60	24.10	19.53	123,850
Oct 28, 2025	23.40	23.90	23.10	23.80	19.29	111,440
Oct 27, 2025	23.60	23.70	22.80	23.40	18.97	251,500
Oct 24, 2025	25.20	25.25	23.70	23.90	19.37	425,590
Oct 23, 2025	0.52 Dividend
Oct 23, 2025	25.70	26.10	25.50	25.90	20.99	77,570
Oct 22, 2025	25.80	26.80	25.70	26.30	20.90	278,510
Oct 21, 2025	25.20	25.60	25.00	25.40	20.18	78,000
Oct 20, 2025	25.10	25.30	24.35	25.00	19.86	111,880
Oct 17, 2025	26.20	26.40	25.50	25.50	20.26	237,180
Oct 16, 2025	1.12 Dividend
Oct 16, 2025	25.30	25.90	25.15	25.70	20.42	159,780
Oct 15, 2025	26.30	26.75	26.00	26.60	20.24	181,200
Oct 14, 2025	26.50	26.75	25.72	26.30	20.02	294,280
Oct 13, 2025	25.40	26.19	25.30	25.50	19.41	162,410
Oct 10, 2025	24.20	25.70	23.62	25.50	19.41	205,660
Oct 9, 2025	24.50	24.51	24.01	24.30	18.49	90,180
Oct 8, 2025	24.60	24.77	24.13	24.30	18.49	57,330
Oct 7, 2025	24.30	25.47	24.25	24.80	18.87	76,750
Oct 6, 2025	24.20	24.60	23.90	24.30	18.49	81,310
Oct 3, 2025	25.00	25.20	24.50	24.50	18.65	158,670
Oct 2, 2025	26.10	26.14	24.80	25.00	19.03	156,570
Oct 1, 2025	26.90	27.06	26.30	26.60	20.24	92,360
Sep 30, 2025	27.90	27.90	27.25	27.30	20.78	77,120
Sep 29, 2025	28.90	29.00	27.50	27.60	21.00	127,820
Sep 26, 2025	29.60	29.90	29.10	29.20	22.22	72,600
Sep 25, 2025	29.20	29.69	29.01	29.50	22.45	122,210
Sep 24, 2025	28.60	28.90	28.60	28.80	21.92	137,170
Sep 23, 2025	28.30	29.00	28.20	29.00	22.07	68,770
Sep 22, 2025	28.20	28.60	28.10	28.30	21.54	118,660
Sep 19, 2025	27.80	28.10	27.30	27.70	21.08	129,290
Sep 18, 2025	1.9 Dividend
Sep 18, 2025	29.10	29.10	27.20	27.70	21.08	244,570
Sep 17, 2025	30.90	31.65	30.65	31.30	22.37	254,290
Sep 16, 2025	30.50	31.10	30.30	30.70	21.95	184,710
Sep 15, 2025	31.00	31.00	30.50	30.60	21.87	135,590
Sep 12, 2025	30.60	31.10	30.40	30.90	22.09	77,180
Sep 11, 2025	31.20	31.30	30.50	30.70	21.95	87,920
Sep 10, 2025	31.00	31.70	30.23	31.40	22.45	138,530
Sep 9, 2025	32.50	32.50	31.10	31.20	22.30	75,290
Sep 8, 2025	32.60	32.97	32.20	32.50	23.23	45,550
Sep 5, 2025	31.30	32.90	31.09	32.70	23.38	130,360
Sep 4, 2025	32.10	32.40	31.71	31.80	22.73	37,800
Sep 3, 2025	31.80	32.20	31.61	32.00	22.88	54,410
Sep 2, 2025	32.10	32.40	31.40	31.80	22.73	57,080
Aug 29, 2025	31.60	31.90	31.54	31.80	22.73	34,380
Aug 28, 2025	31.10	31.58	30.80	31.40	22.45	53,950
Aug 27, 2025	31.30	31.40	31.00	31.30	22.37	54,790
Aug 26, 2025	31.50	31.80	31.20	31.20	22.30	71,000
Aug 25, 2025	31.00	31.49	30.70	31.30	22.37	62,800
Aug 22, 2025	31.90	32.10	30.04	30.20	21.59	201,530
Aug 21, 2025	2.69 Dividend
Aug 21, 2025	31.70	32.00	31.50	32.00	22.88	97,380
Aug 20, 2025	34.30	35.00	34.20	34.20	22.52	379,160
Aug 19, 2025	33.20	34.40	32.95	34.40	22.66	73,790
Aug 18, 2025	33.60	34.00	32.70	32.90	21.67	64,850
Aug 15, 2025	32.60	33.26	32.55	33.10	21.80	37,890
Aug 14, 2025	32.70	33.10	32.11	32.40	21.34	59,840
Aug 13, 2025	32.30	32.75	30.30	32.30	21.27	85,550
Aug 12, 2025	32.30	33.40	31.90	32.70	21.54	52,470
Aug 11, 2025	32.70	32.90	31.40	32.90	21.67	116,000
Aug 8, 2025	33.50	34.40	33.31	33.50	22.06	79,520
Aug 7, 2025	33.40	33.89	32.80	33.50	22.06	110,010
Aug 6, 2025	34.60	35.00	34.00	34.10	22.46	78,250
Aug 5, 2025	33.90	34.50	33.50	34.50	22.72	65,190
Aug 4, 2025	33.00	33.60	32.65	33.20	21.87	80,260
Aug 1, 2025	31.90	33.59	31.90	33.30	21.93	280,400
Jul 31, 2025	30.00	30.30	29.70	30.20	19.89	73,290
Jul 30, 2025	30.10	30.50	29.70	30.20	19.89	102,370
Jul 29, 2025	30.00	30.90	29.80	30.70	20.22	104,530
Jul 28, 2025	29.30	30.35	29.30	30.10	19.82	99,890
Jul 25, 2025	29.20	29.50	29.10	29.40	19.36	159,190
Jul 24, 2025	1.38 Dividend
Jul 24, 2025	28.70	29.10	28.60	29.00	19.10	106,540
Jul 23, 2025	30.00	30.60	30.00	30.30	19.05	278,830
Jul 22, 2025	29.30	30.27	29.01	29.80	18.73	149,070
Jul 21, 2025	28.90	29.40	28.13	29.40	18.48	137,020
Jul 18, 2025	29.20	29.70	27.71	29.10	18.29	183,650
Jul 17, 2025	30.40	30.45	29.10	29.50	18.54	124,080
Jul 16, 2025	30.70	30.70	29.80	30.30	19.05	123,260
Jul 15, 2025	30.90	31.99	30.08	30.90	19.42	83,110
Jul 14, 2025	30.80	31.00	30.25	30.60	19.24	149,490
Jul 11, 2025	30.70	31.65	30.49	31.10	19.55	107,690
Jul 10, 2025	32.20	32.30	30.80	30.90	19.42	185,090
Jul 9, 2025	33.50	33.80	31.90	31.90	20.05	122,450
Jul 8, 2025	33.30	34.20	32.50	33.70	21.18	69,970
Jul 7, 2025	33.90	34.00	32.81	33.50	21.06	46,960
Jul 3, 2025	34.00	34.09	33.30	33.50	21.06	58,070
Jul 2, 2025	34.90	34.90	33.30	33.80	21.25	113,300
Jul 1, 2025	34.70	35.10	34.20	35.00	22.00	84,150
Jun 30, 2025	33.90	34.50	33.60	34.40	21.62	115,820
Jun 27, 2025	32.90	34.50	32.89	34.10	21.44	176,700
Jun 26, 2025	1.54 Dividend
Jun 26, 2025	34.50	34.59	32.00	32.50	20.43	194,360
Jun 25, 2025	36.40	37.20	35.25	36.70	22.10	176,140
Jun 24, 2025	40.80	40.80	37.00	37.10	22.34	163,440
Jun 23, 2025	42.00	42.70	40.51	41.20	24.81	84,820
Jun 20, 2025	41.90	42.20	40.90	41.20	24.81	103,590
Jun 18, 2025	50.30	50.50	41.80	42.40	25.54	204,020
Jun 17, 2025	49.80	51.05	49.25	50.20	30.23	33,540
Jun 16, 2025	51.90	51.90	48.50	48.90	29.45	83,720
Jun 13, 2025	53.10	53.50	52.35	52.50	31.62	26,700
Jun 12, 2025	52.10	52.70	52.10	52.60	31.68	55,010
Jun 11, 2025	51.20	52.05	50.55	51.80	31.20	52,480
Jun 10, 2025	50.70	51.60	50.20	51.20	30.84	33,570
Jun 9, 2025	51.10	51.40	50.65	50.90	30.65	35,330
Jun 6, 2025	51.30	51.60	50.79	51.30	30.90	21,770
Jun 5, 2025	50.30	52.70	49.31	52.40	31.56	60,220
Jun 4, 2025	50.60	51.38	50.15	51.20	30.84	45,280
Jun 3, 2025	52.60	52.60	50.20	50.60	30.47	72,650
Jun 2, 2025	52.40	53.20	52.00	52.60	31.68	78,290
May 30, 2025	52.30	52.80	52.00	52.40	31.56	84,060
May 29, 2025	2.67 Dividend
May 29, 2025	51.00	52.39	51.00	52.10	31.38	89,170
May 28, 2025	53.05	54.30	53.00	54.30	31.09	114,690
May 27, 2025	53.00	53.00	52.35	52.90	30.29	114,600
May 23, 2025	53.50	53.50	52.40	52.90	30.29	62,050
May 22, 2025	52.80	52.95	51.00	51.60	29.55	84,400
May 21, 2025	53.40	53.60	52.05	53.40	30.58	70,010
May 20, 2025	52.70	53.55	52.50	53.00	30.35	56,510
May 19, 2025	53.30	53.30	52.30	52.80	30.24	79,260
May 16, 2025	55.30	55.30	51.50	52.30	29.95	121,460
May 15, 2025	54.00	56.10	53.60	55.60	31.84	62,220
May 14, 2025	54.10	54.10	52.70	53.10	30.41	72,460
May 13, 2025	60.70	60.80	54.20	54.70	31.32	194,210
May 12, 2025	67.20	67.90	65.80	67.80	38.82	82,080
May 9, 2025	68.40	69.75	65.10	69.20	39.63	95,990
May 8, 2025	67.50	67.70	65.90	67.10	38.42	61,170
May 7, 2025	68.30	69.70	68.30	69.20	39.63	38,440
May 6, 2025	69.30	69.80	68.75	69.20	39.63	62,740
May 5, 2025	67.70	68.80	67.65	68.40	39.17	63,110
May 2, 2025	66.90	68.00	66.40	67.00	38.37	67,960
May 1, 2025	5.62 Dividend
May 1, 2025	66.00	68.20	66.00	67.60	38.71	93,860
Apr 30, 2025	74.50	75.30	73.60	73.70	38.98	141,470
Apr 29, 2025	73.40	73.40	72.25	72.70	38.46	120,860
Apr 28, 2025	72.50	74.90	72.20	73.00	38.61	120,370
Apr 25, 2025	73.60	73.60	71.60	72.20	38.19	80,580
Apr 24, 2025	77.90	77.90	73.40	73.40	38.83	59,840
Apr 23, 2025	75.50	77.65	74.60	77.00	40.73	52,020
Apr 22, 2025	84.00	84.00	77.20	78.90	41.74	76,610
Apr 21, 2025	85.30	86.20	83.70	85.00	44.96	29,000
Apr 17, 2025	85.60	85.90	83.80	84.70	44.80	14,410
Apr 16, 2025	85.80	86.60	84.60	85.60	45.28	30,700
Apr 15, 2025	82.80	85.40	82.30	83.80	44.33	29,560
Apr 14, 2025	82.80	85.25	81.30	83.80	44.33	37,560
Apr 11, 2025	85.50	86.80	82.84	84.30	44.59	22,730
Apr 10, 2025	86.50	90.30	83.50	85.40	45.17	81,450
Apr 9, 2025	94.30	94.80	78.10	82.00	43.38	77,020
Apr 8, 2025	87.60	95.58	86.65	93.80	49.62	63,430
Apr 7, 2025	95.00	97.20	86.41	91.00	48.14	83,260
Apr 4, 2025	88.20	93.00	88.20	89.60	47.40	84,570
Apr 3, 2025	9.24 Dividend
Apr 3, 2025	86.70	88.62	86.40	86.50	45.76	62,290
Apr 2, 2025	96.40	96.40	90.70	91.40	43.46	136,490
Apr 1, 2025	94.50	96.60	93.80	94.00	44.70	28,610
Mar 31, 2025	96.40	97.70	94.60	95.20	45.27	74,180
Mar 28, 2025	91.00	94.50	90.50	94.00	44.70	45,470
Mar 27, 2025	86.70	89.70	86.40	89.40	42.51	21,150
Mar 26, 2025	82.60	87.30	81.49	86.60	41.18	20,080
Mar 25, 2025	82.80	84.50	80.90	82.20	39.09	21,530
Mar 24, 2025	85.80	87.81	82.50	82.80	39.37	48,730
Mar 21, 2025	89.70	89.90	87.60	88.10	41.89	10,830
Mar 20, 2025	89.50	89.50	85.70	87.70	41.70	22,150
Mar 19, 2025	89.50	90.40	85.90	87.50	41.61	17,200
Mar 18, 2025	89.60	91.70	89.00	91.10	43.32	20,460
Mar 17, 2025	90.30	90.80	85.80	87.90	41.80	26,090
Mar 14, 2025	89.40	91.10	88.10	89.60	42.60	37,520
Mar 13, 2025	86.50	91.10	86.50	90.50	43.03	41,090
Mar 12, 2025	83.20	88.50	82.11	85.40	40.61	37,850
Mar 11, 2025	87.30	88.30	84.60	85.90	40.84	49,830
Mar 10, 2025	82.70	89.80	82.70	88.70	42.18	86,520
Mar 7, 2025	80.10	83.15	78.20	78.90	37.52	50,980
Mar 6, 2025	6.83 Dividend
Mar 6, 2025	79.50	80.90	76.00	80.20	38.13	54,150
Mar 5, 2025	87.30	89.00	84.10	84.80	37.07	99,250
Mar 4, 2025	90.50	92.70	85.38	87.40	38.21	54,980
Mar 3, 2025	80.60	89.80	80.00	88.60	38.74	63,300
Feb 28, 2025	90.10	91.00	85.85	86.30	37.73	56,620
Feb 27, 2025	85.20	88.77	83.60	88.50	38.69	25,060
Feb 26, 2025	86.80	88.30	85.30	86.00	37.60	29,850
Feb 25, 2025	85.20	88.88	84.90	86.50	37.82	67,170
Feb 24, 2025	81.50	84.50	81.10	83.10	36.33	32,690
Feb 21, 2025	75.80	82.25	75.33	82.10	35.89	66,850
Feb 20, 2025	78.20	78.90	77.25	77.80	34.01	39,940
Feb 19, 2025	77.10	78.20	77.10	77.90	34.06	20,390
Feb 18, 2025	74.80	77.80	74.70	77.10	33.71	28,200
Feb 14, 2025	71.20	75.60	71.10	74.70	32.66	56,800
Feb 13, 2025	73.00	73.00	67.70	68.90	30.12	61,490
Feb 12, 2025	76.60	76.79	74.20	74.50	32.57	16,760
Feb 11, 2025	73.80	76.58	73.80	76.30	33.36	27,100
Feb 10, 2025	73.20	74.60	72.20	73.40	32.09	36,650
Feb 7, 2025	74.10	74.98	72.70	74.00	32.35	55,940
Feb 6, 2025	5.5 Dividend
Feb 6, 2025	74.30	75.10	73.30	74.60	32.61	59,520
Feb 5, 2025	79.60	80.10	78.60	80.10	32.61	65,310
Feb 4, 2025	79.10	79.30	77.81	79.30	32.29	41,780
Feb 3, 2025	80.40	80.43	77.75	79.00	32.17	49,030
Jan 31, 2025	75.20	77.80	75.00	77.20	31.43	30,970
Jan 30, 2025	77.40	77.40	74.30	75.70	30.82	40,940
Jan 29, 2025	79.30	79.80	76.90	77.60	31.60	19,230
