Date	Open	High	Low	Close 	Adj Close 	Volume
Jan 28, 2026	50.26	50.37	50.14	50.14	50.14	2,900
Jan 27, 2026	51.13	51.13	50.50	50.91	50.91	2,900
Jan 26, 2026	51.14	51.20	50.89	51.06	51.06	6,300
Jan 23, 2026	50.76	51.07	50.61	51.03	51.03	2,800
Jan 22, 2026	0.352 Dividend
Jan 22, 2026	50.84	51.35	50.84	51.31	51.31	1,800
Jan 21, 2026	52.70	52.70	51.70	51.85	51.50	3,100
Jan 20, 2026	52.21	52.65	51.87	52.65	52.29	5,600
Jan 16, 2026	50.01	50.96	50.01	50.96	50.62	2,300
Jan 15, 2026	0.363 Dividend
Jan 15, 2026	50.90	51.04	50.37	51.04	50.70	1,800
Jan 14, 2026	51.96	52.51	51.96	52.42	51.70	3,200
Jan 13, 2026	51.60	51.97	51.58	51.58	50.87	1,700
Jan 12, 2026	51.47	51.72	51.27	51.60	50.89	5,300
Jan 9, 2026	51.47	51.68	51.39	51.42	50.72	5,800
Jan 8, 2026	0.376 Dividend
Jan 8, 2026	50.51	51.50	50.51	51.39	50.69	5,700
Jan 7, 2026	50.96	51.12	50.50	50.71	49.65	4,100
Jan 6, 2026	50.04	51.07	49.87	51.07	50.00	4,800
Jan 5, 2026	49.61	51.00	49.61	50.84	49.77	4,200
Jan 2, 2026	0.395 Dividend
Jan 2, 2026	50.79	50.79	45.89	50.60	49.54	9,800
Dec 31, 2025	50.54	51.29	50.44	51.29	49.83	9,100
Dec 30, 2025	50.90	51.21	50.88	51.13	49.68	7,200
Dec 29, 2025	51.07	51.37	51.00	51.02	49.57	4,500
Dec 26, 2025	0.398 Dividend
Dec 26, 2025	50.67	50.67	49.79	50.30	48.87	6,100
Dec 24, 2025	51.20	51.41	51.17	51.23	49.39	3,700
Dec 23, 2025	52.20	52.20	50.96	50.96	49.12	7,900
Dec 22, 2025	52.53	52.72	52.23	52.51	50.62	5,700
Dec 19, 2025	54.17	54.17	53.08	53.22	51.30	9,400
Dec 18, 2025	0.684 Dividend
Dec 18, 2025	54.95	55.00	54.61	54.88	52.90	8,100
Dec 17, 2025	55.84	56.42	55.67	56.15	53.47	12,800
Dec 16, 2025	55.29	55.57	54.98	55.10	52.47	4,600
Dec 15, 2025	55.12	55.48	54.93	55.33	52.68	4,700
Dec 12, 2025	54.74	55.37	54.63	55.31	52.67	5,500
Dec 11, 2025	0.497 Dividend
Dec 11, 2025	54.76	54.76	54.23	54.24	51.65	2,800
Dec 10, 2025	53.43	54.06	53.43	53.81	50.76	2,800
Dec 9, 2025	52.81	53.62	52.81	53.48	50.45	2,900
Dec 8, 2025	53.76	53.99	52.65	53.43	50.41	11,400
Dec 5, 2025	53.22	54.28	53.22	54.02	50.96	16,100
Dec 4, 2025	0.755 Dividend
Dec 4, 2025	54.10	54.10	53.34	53.63	50.59	7,400
Dec 3, 2025	54.76	55.38	54.76	55.16	51.33	7,500
Dec 2, 2025	1:10 Stock Splits
Dec 2, 2025	54.03	54.95	53.57	54.76	50.96	5,200
Dec 1, 2025	56.00	56.48	55.10	55.20	51.36	8,600
Nov 28, 2025	1.24 Dividend
Nov 28, 2025	54.80	55.90	54.80	55.90	52.01	6,390
Nov 26, 2025	56.10	56.25	55.30	56.10	51.05	12,620
Nov 25, 2025	56.70	57.60	56.30	56.30	51.23	10,760
Nov 24, 2025	56.20	56.37	55.05	55.10	50.14	8,210
Nov 21, 2025	54.50	55.90	54.50	55.85	50.82	12,900
Nov 20, 2025	0.54 Dividend
Nov 20, 2025	50.40	55.10	50.40	55.00	50.05	17,560
Nov 19, 2025	54.70	54.70	53.00	53.20	47.92	25,160
Nov 18, 2025	54.60	55.00	54.07	54.90	49.45	9,960
Nov 17, 2025	53.70	54.10	53.06	53.60	48.28	8,900
Nov 14, 2025	54.60	54.80	52.65	53.00	47.74	13,040
Nov 13, 2025	0.87 Dividend
Nov 13, 2025	52.10	54.00	52.10	53.50	48.19	11,880
Nov 12, 2025	52.10	53.10	52.00	52.60	46.59	7,610
Nov 11, 2025	51.30	52.95	51.30	52.45	46.46	6,120
Nov 10, 2025	52.60	52.60	50.65	51.00	45.17	9,440
Nov 7, 2025	54.70	55.10	53.40	53.60	47.48	15,020
Nov 6, 2025	0.44 Dividend
Nov 6, 2025	52.90	53.50	52.32	53.10	47.04	6,890
Nov 5, 2025	52.50	53.20	51.90	52.90	46.47	3,850
Nov 4, 2025	52.10	52.50	51.40	52.30	45.94	9,180
Nov 3, 2025	51.20	51.20	50.00	51.10	44.89	4,370
Oct 31, 2025	50.60	51.80	50.60	51.60	45.33	4,190
Oct 30, 2025	0.47 Dividend
Oct 30, 2025	50.60	51.90	50.60	51.60	45.33	7,320
Oct 29, 2025	50.80	51.55	49.80	50.90	44.30	13,810
Oct 28, 2025	55.30	55.30	52.20	52.90	46.04	8,690
Oct 27, 2025	56.50	56.50	55.30	55.90	48.65	9,770
Oct 24, 2025	57.40	57.40	56.60	56.70	49.35	9,450
Oct 23, 2025	0.43 Dividend
Oct 23, 2025	58.50	58.50	57.79	58.40	50.83	3,410
Oct 22, 2025	58.70	59.40	57.90	58.60	50.63	11,590
Oct 21, 2025	57.70	58.70	57.70	58.20	50.28	6,820
Oct 20, 2025	57.60	58.20	57.49	57.90	50.02	3,360
Oct 17, 2025	58.00	58.20	57.50	57.50	49.68	4,850
Oct 16, 2025	0.59 Dividend
Oct 16, 2025	58.00	58.10	57.31	58.00	50.11	7,430
Oct 15, 2025	58.40	59.00	57.90	58.80	50.29	4,410
Oct 14, 2025	57.90	58.70	57.88	58.65	50.16	8,500
Oct 13, 2025	57.50	57.60	56.70	57.50	49.18	10,320
Oct 10, 2025	55.50	58.30	55.30	57.90	49.52	16,780
Oct 9, 2025	1.64 Dividend
Oct 9, 2025	56.20	56.38	55.30	56.20	48.07	16,900
Oct 8, 2025	58.80	59.19	58.60	58.60	48.72	15,600
Oct 7, 2025	59.90	59.90	58.60	59.70	49.63	10,050
Oct 6, 2025	59.00	59.67	59.00	59.20	49.21	8,450
Oct 3, 2025	58.10	59.30	58.10	58.50	48.63	2,870
Oct 2, 2025	58.10	58.45	57.70	58.40	48.55	21,590
Oct 1, 2025	59.30	59.80	58.60	58.70	48.80	3,640
Sep 30, 2025	60.60	60.60	58.85	59.20	49.21	9,240
Sep 29, 2025	60.70	60.80	59.70	60.30	50.13	19,070
Sep 26, 2025	61.60	62.20	61.40	61.40	51.04	2,860
Sep 25, 2025	62.40	62.60	60.80	61.70	51.29	4,030
Sep 24, 2025	60.80	61.90	60.80	61.70	51.29	3,490
Sep 23, 2025	59.80	61.40	59.80	61.00	50.71	4,610
Sep 22, 2025	62.10	62.10	59.30	60.50	50.29	6,280
Sep 19, 2025	62.00	62.00	61.00	61.70	51.29	2,960
Sep 18, 2025	61.50	62.10	61.14	61.40	51.04	5,060
Sep 17, 2025	62.50	62.70	62.10	62.40	51.87	9,820
Sep 16, 2025	60.90	61.80	60.90	61.80	51.38	6,150
Sep 15, 2025	60.90	61.59	60.60	60.90	50.63	4,980
Sep 12, 2025	60.20	61.00	60.20	60.50	50.29	8,670
Sep 11, 2025	2.87 Dividend
Sep 11, 2025	60.10	60.90	59.90	60.60	50.38	7,980
Sep 10, 2025	64.40	64.40	62.95	63.90	50.74	30,580
Sep 9, 2025	66.70	67.10	66.00	66.00	52.40	10,350
Sep 8, 2025	67.20	67.20	65.80	66.80	53.04	8,300
Sep 5, 2025	66.20	67.50	66.20	66.87	53.09	6,080
Sep 4, 2025	65.70	66.07	65.40	65.60	52.08	4,100
Sep 3, 2025	65.00	66.28	65.00	65.60	52.08	8,330
Sep 2, 2025	65.80	66.60	65.40	65.40	51.93	15,650
Aug 29, 2025	64.50	65.40	64.50	65.30	51.85	8,260
Aug 28, 2025	62.50	64.30	62.00	63.10	50.10	5,480
Aug 27, 2025	62.77	63.09	62.40	62.70	49.78	5,950
Aug 26, 2025	62.90	63.20	62.30	62.40	49.54	5,580
Aug 25, 2025	63.60	63.83	62.40	62.80	49.86	10,550
Aug 22, 2025	65.30	65.80	63.30	63.80	50.66	6,200
Aug 21, 2025	64.20	64.90	64.00	64.40	51.13	4,830
Aug 20, 2025	64.70	66.25	64.70	64.70	51.37	20,180
Aug 19, 2025	63.50	64.70	63.25	64.70	51.37	11,300
Aug 18, 2025	63.70	63.70	62.89	63.00	50.02	13,420
Aug 15, 2025	63.30	64.00	63.10	63.60	50.50	3,940
Aug 14, 2025	1.79 Dividend
Aug 14, 2025	63.30	63.90	62.65	63.10	50.10	7,630
Aug 13, 2025	64.40	65.40	64.20	64.70	49.95	9,700
Aug 12, 2025	64.70	65.00	64.25	64.40	49.72	5,770
Aug 11, 2025	64.80	64.80	64.00	64.60	49.87	5,980
Aug 8, 2025	64.80	64.80	63.90	64.30	49.64	3,990
Aug 7, 2025	64.80	65.40	63.70	64.90	50.10	10,500
Aug 6, 2025	66.10	66.30	65.10	65.40	50.49	4,750
Aug 5, 2025	65.50	66.40	64.90	65.80	50.80	5,130
Aug 4, 2025	66.70	66.85	65.00	65.10	50.26	6,200
Aug 1, 2025	67.40	67.99	66.60	67.40	52.03	9,880
Jul 31, 2025	65.00	66.90	64.50	66.20	51.11	5,920
Jul 30, 2025	66.60	66.60	65.70	65.89	50.87	4,870
Jul 29, 2025	66.60	67.09	65.80	66.80	51.57	3,730
Jul 28, 2025	67.30	67.30	66.72	66.72	51.51	6,160
Jul 25, 2025	67.60	67.70	67.13	67.50	52.11	3,560
Jul 24, 2025	67.50	68.30	67.50	67.50	52.11	4,140
Jul 23, 2025	68.90	69.10	68.30	69.00	53.27	6,110
Jul 22, 2025	68.10	69.50	68.10	69.00	53.27	11,360
Jul 21, 2025	67.40	68.00	67.40	67.50	52.11	9,390
Jul 18, 2025	67.10	67.90	67.02	67.61	52.20	15,930
Jul 17, 2025	1.72 Dividend
Jul 17, 2025	67.50	68.00	66.90	67.10	51.80	14,820
Jul 16, 2025	70.30	70.80	69.50	69.70	52.48	16,370
Jul 15, 2025	70.20	70.70	69.30	70.20	52.86	26,350
Jul 14, 2025	72.70	73.60	72.00	72.90	54.89	18,710
Jul 11, 2025	73.30	73.30	71.20	72.90	54.89	7,860
Jul 10, 2025	72.80	74.19	72.50	72.60	54.66	5,420
Jul 9, 2025	74.10	74.10	72.40	73.20	55.12	8,290
Jul 8, 2025	74.90	75.20	74.30	74.35	55.98	3,380
Jul 7, 2025	75.30	75.40	74.69	75.20	56.62	3,670
Jul 3, 2025	75.50	75.50	73.70	74.68	56.23	2,890
Jul 2, 2025	76.00	76.40	75.00	75.30	56.70	1,680
Jul 1, 2025	75.10	77.00	75.10	76.60	57.68	2,930
Jun 30, 2025	73.80	75.47	73.80	74.50	56.10	5,310
Jun 27, 2025	75.10	75.70	74.30	74.60	56.17	4,020
Jun 26, 2025	75.50	76.66	75.10	75.60	56.92	11,760
Jun 25, 2025	79.80	79.80	76.50	76.70	57.75	4,940
Jun 24, 2025	80.80	81.10	79.80	79.80	60.09	3,550
Jun 23, 2025	81.80	82.40	81.60	81.60	61.44	3,490
Jun 20, 2025	2.92 Dividend
Jun 20, 2025	80.40	82.40	80.40	81.70	61.52	19,340
Jun 18, 2025	84.90	85.00	83.90	83.90	60.97	13,720
Jun 17, 2025	84.20	84.60	84.00	84.38	61.32	3,430
Jun 16, 2025	84.20	84.60	83.50	84.40	61.34	17,290
Jun 13, 2025	85.30	85.40	84.49	85.30	61.99	8,850
Jun 12, 2025	85.00	85.00	83.60	83.90	60.97	4,040
Jun 11, 2025	84.50	85.00	83.78	84.50	61.41	3,030
Jun 10, 2025	84.90	85.07	84.14	84.30	61.27	2,020
Jun 9, 2025	84.80	84.85	83.50	84.80	61.63	2,220
Jun 6, 2025	85.40	85.40	83.80	84.86	61.67	2,890
Jun 5, 2025	84.70	86.30	83.40	86.00	62.50	4,630
Jun 4, 2025	84.60	86.00	84.50	84.60	61.48	4,080
Jun 3, 2025	87.00	87.00	84.40	85.20	61.92	5,030
Jun 2, 2025	87.30	88.10	86.70	86.80	63.08	2,380
May 30, 2025	85.30	88.40	85.30	86.90	63.15	6,260
May 29, 2025	84.00	86.30	83.10	85.90	62.43	8,880
May 28, 2025	87.10	88.20	86.70	87.90	63.88	5,840
May 27, 2025	87.80	88.55	87.50	87.90	63.88	5,450
May 23, 2025	89.20	90.20	89.00	89.60	65.12	12,480
May 22, 2025	3.53 Dividend
May 22, 2025	88.90	89.39	88.00	88.70	64.46	7,390
May 21, 2025	92.20	93.40	89.40	92.80	64.88	14,380
May 20, 2025	91.70	92.20	91.30	91.55	64.00	19,320
May 19, 2025	93.30	93.30	90.70	90.90	63.55	24,820
May 16, 2025	91.20	91.60	90.10	90.90	63.55	9,930
May 15, 2025	91.00	92.30	89.93	90.60	63.34	4,830
May 14, 2025	93.30	93.30	90.50	90.50	63.27	6,590
May 13, 2025	100.00	100.00	93.30	94.90	66.35	9,890
May 12, 2025	102.50	103.30	101.10	101.40	70.89	8,250
May 9, 2025	105.10	107.00	105.00	106.00	74.11	1,210
May 8, 2025	104.30	106.50	104.25	105.70	73.90	2,770
May 7, 2025	108.00	109.70	105.00	105.00	73.41	1,620
May 6, 2025	110.50	110.50	107.80	107.80	75.36	1,360
May 5, 2025	108.50	109.00	107.60	108.50	75.85	3,750
May 2, 2025	107.20	108.34	106.40	107.10	74.87	2,890
May 1, 2025	109.10	110.00	106.80	110.00	76.90	4,560
Apr 30, 2025	116.90	116.90	112.20	112.70	78.79	2,140
Apr 29, 2025	112.60	112.60	110.96	112.20	78.44	1,500
Apr 28, 2025	110.50	113.71	110.50	112.00	78.30	5,220
Apr 25, 2025	114.50	114.50	109.45	110.00	76.90	7,030
Apr 24, 2025	6.19 Dividend
Apr 24, 2025	118.20	118.20	113.57	114.60	80.12	8,170
Apr 23, 2025	123.40	125.80	121.50	124.50	82.71	11,060
Apr 22, 2025	129.20	130.00	127.70	128.63	85.46	8,680
Apr 21, 2025	130.10	131.50	128.95	130.60	86.76	11,190
Apr 17, 2025	124.00	127.70	124.00	127.10	84.44	3,830
Apr 16, 2025	122.10	126.40	120.79	123.70	82.18	4,610
Apr 15, 2025	115.50	116.95	113.90	115.10	76.47	3,140
Apr 14, 2025	113.40	117.83	113.40	117.00	77.73	2,660
Apr 11, 2025	118.20	118.43	115.61	116.00	77.06	2,660
Apr 10, 2025	114.30	123.25	113.80	118.40	78.66	6,440
Apr 9, 2025	130.20	130.50	108.50	108.50	72.08	10,580
Apr 8, 2025	122.40	134.50	120.70	132.49	88.02	8,080
Apr 7, 2025	141.50	141.70	126.43	129.60	86.10	11,750
Apr 4, 2025	130.50	135.46	130.50	133.30	88.56	12,290
Apr 3, 2025	129.80	130.00	128.00	129.80	86.23	10,120
Apr 2, 2025	127.00	127.00	123.00	124.70	82.84	2,180
Apr 1, 2025	125.90	127.10	124.50	124.50	82.71	2,860
Mar 31, 2025	128.30	129.30	125.50	125.50	83.38	11,440
Mar 28, 2025	124.90	124.90	123.50	124.60	82.78	10,640
Mar 27, 2025	5.85 Dividend
Mar 27, 2025	123.50	124.90	123.00	124.50	82.71	7,770
Mar 26, 2025	126.70	129.90	125.89	129.40	82.08	9,890
Mar 25, 2025	123.50	125.60	123.30	123.50	78.34	8,420
Mar 24, 2025	125.50	125.50	122.10	123.70	78.46	8,360
Mar 21, 2025	125.77	127.20	125.77	126.40	80.18	1,810
Mar 20, 2025	127.00	127.00	123.80	124.80	79.16	4,210
Mar 19, 2025	126.50	126.60	122.70	126.30	80.11	1,770
Mar 18, 2025	125.00	127.52	124.40	127.50	80.88	2,570
Mar 17, 2025	120.20	124.40	119.00	123.20	78.15	4,470
Mar 14, 2025	124.25	124.25	121.20	121.20	76.88	2,280
Mar 13, 2025	124.90	128.45	124.60	126.65	80.34	4,330
Mar 12, 2025	126.40	129.10	125.90	126.30	80.11	6,260
Mar 11, 2025	133.40	135.70	129.00	132.90	84.30	7,950
Mar 10, 2025	132.20	134.50	129.96	133.40	84.62	23,190
Mar 7, 2025	129.00	132.60	127.91	128.99	81.82	5,330
Mar 6, 2025	126.00	130.50	125.40	130.00	82.46	7,190
Mar 5, 2025	124.20	126.21	122.77	123.40	78.27	3,340
Mar 4, 2025	129.10	129.89	121.70	125.20	79.42	15,230
Mar 3, 2025	119.50	128.40	119.50	126.90	80.49	7,690
Feb 28, 2025	122.60	123.90	119.86	119.90	76.05	12,940
Feb 27, 2025	5.85 Dividend
Feb 27, 2025	111.40	121.50	110.98	121.50	77.07	14,060
Feb 26, 2025	119.80	120.10	116.50	118.30	71.33	7,760
Feb 25, 2025	118.60	123.30	118.60	121.80	73.44	9,260
Feb 24, 2025	115.90	119.70	114.30	119.70	72.17	7,220
Feb 21, 2025	112.80	116.99	112.70	116.30	70.12	2,910
Feb 20, 2025	113.60	115.20	113.17	113.40	68.37	3,900
Feb 19, 2025	114.30	114.53	112.30	113.90	68.68	2,110
Feb 18, 2025	111.20	113.90	110.80	113.00	68.13	4,970
Feb 14, 2025	116.50	116.50	113.00	113.50	68.43	6,230
Feb 13, 2025	118.30	118.69	115.60	116.19	70.06	2,300
Feb 12, 2025	120.50	120.50	118.90	119.70	72.17	1,710
Feb 11, 2025	118.60	119.20	116.80	117.99	71.14	2,320
Feb 10, 2025	119.80	119.80	116.10	116.90	70.48	7,100
Feb 7, 2025	121.50	122.79	120.10	120.30	72.53	2,770
Feb 6, 2025	123.50	124.70	121.75	121.75	73.41	2,930
Feb 5, 2025	127.30	128.60	124.70	124.90	75.31	4,430
Feb 4, 2025	131.10	131.10	128.80	130.61	78.75	6,220
Feb 3, 2025	133.40	134.30	130.60	131.40	79.23	9,960
Jan 31, 2025	126.20	130.70	124.10	130.00	78.38	11,820
Jan 30, 2025	5.03 Dividend
Jan 30, 2025	128.00	131.90	126.10	127.20	76.70	7,440
Jan 29, 2025	130.10	135.25	129.73	131.80	76.44	12,500
