Jan 28, 2026	25.65	25.98	25.60	25.98	25.98	22,500
Jan 27, 2026	25.67	25.87	25.65	25.87	25.87	19,100
Jan 26, 2026	25.26	25.68	25.26	25.68	25.68	19,400
Jan 23, 2026	24.94	25.17	24.83	25.03	25.03	20,400
Jan 22, 2026	0.312 Dividend
Jan 22, 2026	25.65	25.72	24.91	24.91	24.91	27,600
Jan 21, 2026	26.43	26.52	25.77	26.13	25.82	40,800
Jan 20, 2026	26.10	26.58	26.10	26.52	26.20	29,500
Jan 16, 2026	25.53	25.90	25.40	25.80	25.49	13,100
Jan 15, 2026	0.242 Dividend
Jan 15, 2026	25.64	25.72	25.45	25.72	25.41	12,300
Jan 14, 2026	25.75	26.04	25.70	25.86	25.31	10,200
Jan 13, 2026	25.29	25.57	25.29	25.54	25.00	9,600
Jan 12, 2026	25.62	25.80	25.22	25.39	24.85	16,700
Jan 9, 2026	25.97	26.25	25.33	25.51	24.97	27,900
Jan 8, 2026	0.233 Dividend
Jan 8, 2026	26.23	26.25	25.95	25.95	25.40	23,800
Jan 7, 2026	26.32	26.36	26.12	26.33	25.54	10,000
Jan 6, 2026	25.86	26.41	25.86	26.33	25.54	25,900
Jan 5, 2026	25.94	25.94	25.35	25.69	24.92	37,900
Jan 2, 2026	0.241 Dividend
Jan 2, 2026	25.25	26.24	25.25	26.16	25.38	42,300
Dec 31, 2025	25.50	25.89	25.50	25.89	24.88	25,200
Dec 30, 2025	25.33	25.65	25.27	25.57	24.58	30,900
Dec 29, 2025	25.06	25.46	25.06	25.38	24.39	38,900
Dec 26, 2025	0.236 Dividend
Dec 26, 2025	24.33	24.90	24.25	24.90	23.93	15,900
Dec 24, 2025	24.44	24.90	24.36	24.57	23.39	9,700
Dec 23, 2025	24.21	24.59	24.17	24.59	23.41	10,700
Dec 22, 2025	24.34	24.43	23.82	24.31	23.14	21,500
Dec 19, 2025	24.30	24.83	24.24	24.63	23.45	11,600
Dec 18, 2025	0.226 Dividend
Dec 18, 2025	24.70	25.03	24.17	24.47	23.29	28,900
Dec 17, 2025	24.38	25.57	24.18	25.56	24.12	30,800
Dec 16, 2025	25.28	25.75	24.33	24.35	22.97	47,700
Dec 15, 2025	25.47	25.47	24.84	25.19	23.77	55,000
Dec 12, 2025	26.50	26.70	25.80	25.95	24.48	39,400
Dec 11, 2025	0.091 Dividend
Dec 11, 2025	26.41	26.76	26.41	26.51	25.01	37,800
Dec 10, 2025	26.69	26.73	26.02	26.66	25.07	28,900
Dec 9, 2025	27.01	27.01	26.30	26.67	25.08	16,300
Dec 8, 2025	26.53	27.02	26.53	26.84	25.24	35,400
Dec 5, 2025	26.03	26.25	25.90	26.05	24.49	50,700
Dec 4, 2025	0.333 Dividend
Dec 4, 2025	26.39	26.48	26.07	26.11	24.55	20,700
Dec 3, 2025	27.70	27.70	26.77	26.83	24.91	68,200
Dec 2, 2025	1:10 Stock Splits
Dec 2, 2025	27.83	28.26	27.55	27.89	25.90	39,000
Dec 1, 2025	28.00	28.12	27.60	27.80	25.81	99,940
Nov 28, 2025	0.45 Dividend
Nov 28, 2025	28.40	28.40	27.60	27.90	25.91	28,220
Nov 26, 2025	28.70	29.03	28.50	28.50	26.05	47,720
Nov 25, 2025	29.10	29.65	28.80	28.90	26.41	44,660
Nov 24, 2025	30.10	30.10	28.60	29.00	26.50	106,200
Nov 21, 2025	29.80	30.50	29.80	30.40	27.78	78,070
Nov 20, 2025	0.59 Dividend
Nov 20, 2025	29.30	30.40	28.25	30.20	27.60	123,950
Nov 19, 2025	30.10	30.50	29.80	30.50	27.34	68,670
Nov 18, 2025	30.10	30.65	29.95	30.30	27.16	64,340
Nov 17, 2025	30.30	30.40	29.10	29.70	26.62	59,100
Nov 14, 2025	30.80	31.18	29.65	30.10	26.98	70,510
Nov 13, 2025	0.56 Dividend
Nov 13, 2025	29.40	30.50	29.20	30.20	27.07	81,850
Nov 12, 2025	28.60	29.60	28.60	29.40	25.85	37,940
Nov 11, 2025	28.50	29.20	28.50	28.80	25.32	17,140
Nov 10, 2025	28.70	29.10	28.20	28.50	25.06	47,160
Nov 7, 2025	29.00	29.60	28.85	29.20	25.67	49,640
Nov 6, 2025	0.33 Dividend
Nov 6, 2025	28.00	29.06	27.55	28.90	25.41	44,540
Nov 5, 2025	28.70	29.10	27.95	28.00	24.33	47,350
Nov 4, 2025	28.40	29.00	28.11	29.00	25.20	62,620
Nov 3, 2025	28.20	28.50	27.40	27.60	23.98	54,500
Oct 31, 2025	29.00	29.00	28.15	28.20	24.50	59,990
Oct 30, 2025	0.44 Dividend
Oct 30, 2025	28.20	29.20	28.20	29.00	25.20	49,070
Oct 29, 2025	28.20	28.66	27.96	28.20	24.12	66,790
Oct 28, 2025	28.10	28.80	27.90	28.20	24.12	77,840
Oct 27, 2025	29.30	29.50	28.30	28.70	24.55	88,530
Oct 24, 2025	28.90	29.90	28.70	29.80	25.49	73,500
Oct 23, 2025	0.4 Dividend
Oct 23, 2025	30.50	30.65	28.70	28.80	24.63	96,210
Oct 22, 2025	29.20	30.06	29.15	29.60	24.97	74,020
Oct 21, 2025	28.90	29.30	28.80	29.20	24.64	36,400
Oct 20, 2025	29.40	29.40	28.89	29.00	24.47	33,730
Oct 17, 2025	30.20	30.25	29.31	29.40	24.80	50,350
Oct 16, 2025	0.88 Dividend
Oct 16, 2025	29.70	30.40	29.40	30.10	25.40	56,270
Oct 15, 2025	30.50	30.90	30.10	30.50	24.99	38,940
Oct 14, 2025	31.10	31.20	30.50	30.80	25.24	30,250
Oct 13, 2025	31.00	31.10	30.20	30.40	24.91	51,730
Oct 10, 2025	30.30	31.45	29.90	31.10	25.48	63,390
Oct 9, 2025	30.50	30.80	30.20	30.30	24.83	32,160
Oct 8, 2025	30.00	30.61	29.90	30.00	24.58	36,590
Oct 7, 2025	29.30	30.25	29.15	30.20	24.74	42,590
Oct 6, 2025	30.00	30.00	29.00	29.10	23.84	57,950
Oct 3, 2025	30.00	31.00	29.80	30.50	24.99	68,840
Oct 2, 2025	1.24 Dividend
Oct 2, 2025	28.70	30.30	28.45	30.20	24.74	80,290
Oct 1, 2025	31.80	31.80	30.04	30.20	23.73	76,570
Sep 30, 2025	31.40	31.79	31.10	31.10	24.44	25,990
Sep 29, 2025	31.10	31.40	30.84	31.20	24.51	38,100
Sep 26, 2025	32.00	32.30	31.10	31.30	24.59	55,530
Sep 25, 2025	31.80	32.30	31.60	32.20	25.30	25,850
Sep 24, 2025	31.60	31.70	30.90	31.00	24.36	21,340
Sep 23, 2025	31.40	32.00	31.20	31.80	24.99	22,050
Sep 22, 2025	31.70	31.70	30.90	31.50	24.75	38,180
Sep 19, 2025	32.50	32.50	31.61	31.90	25.06	18,240
Sep 18, 2025	31.40	32.45	31.35	32.30	25.38	22,040
Sep 17, 2025	32.40	32.60	31.60	31.70	24.91	33,880
Sep 16, 2025	32.50	32.60	31.85	32.00	25.14	30,400
Sep 15, 2025	31.70	33.30	31.70	32.70	25.69	137,670
Sep 12, 2025	36.00	36.10	33.85	33.90	26.64	57,190
Sep 11, 2025	37.80	37.90	36.20	36.50	28.68	29,190
Sep 10, 2025	37.70	38.20	37.20	38.10	29.94	28,220
Sep 9, 2025	38.10	38.35	37.80	38.10	29.94	14,350
Sep 8, 2025	37.40	38.25	37.00	38.20	30.01	24,070
Sep 5, 2025	38.00	38.30	37.12	37.90	29.78	63,850
Sep 4, 2025	1.62 Dividend
Sep 4, 2025	39.10	39.55	38.80	38.80	30.49	31,890
Sep 3, 2025	41.30	41.47	39.90	41.00	30.94	52,390
Sep 2, 2025	41.30	41.60	41.10	41.40	31.24	39,010
Aug 29, 2025	40.30	41.20	39.90	41.00	30.94	18,440
Aug 28, 2025	39.50	40.60	39.20	40.00	30.19	48,550
Aug 27, 2025	39.20	39.60	39.00	39.50	29.81	17,230
Aug 26, 2025	39.80	40.11	39.30	39.30	29.66	22,560
Aug 25, 2025	40.50	40.95	39.55	39.80	30.04	19,260
Aug 22, 2025	42.20	42.35	40.40	40.40	30.49	27,610
Aug 21, 2025	42.20	42.40	41.90	42.30	31.92	17,020
Aug 20, 2025	41.30	42.50	41.30	41.90	31.62	22,820
Aug 19, 2025	40.70	41.50	40.30	41.30	31.17	22,110
Aug 18, 2025	41.00	41.20	40.70	40.70	30.71	24,520
Aug 15, 2025	40.50	41.40	40.30	41.20	31.09	13,770
Aug 14, 2025	40.50	41.10	40.00	40.50	30.56	26,760
Aug 13, 2025	39.80	40.20	39.00	40.20	30.34	23,880
Aug 12, 2025	39.60	40.80	39.60	39.90	30.11	25,270
Aug 11, 2025	40.80	40.80	39.30	40.10	30.26	50,600
Aug 8, 2025	42.30	42.30	40.50	41.20	31.09	77,770
Aug 7, 2025	1.95 Dividend
Aug 7, 2025	42.60	42.80	42.00	42.00	31.70	39,830
Aug 6, 2025	46.40	46.40	44.20	44.40	32.04	77,640
Aug 5, 2025	45.80	46.20	45.26	45.80	33.05	45,920
Aug 4, 2025	45.40	46.40	45.34	45.60	32.90	39,860
Aug 1, 2025	46.50	46.90	45.90	46.50	33.55	45,480
Jul 31, 2025	45.00	46.20	44.70	46.10	33.26	29,410
Jul 30, 2025	44.40	45.70	44.20	44.70	32.25	19,640
Jul 29, 2025	43.50	44.80	43.50	44.40	32.04	20,610
Jul 28, 2025	44.40	45.00	43.40	43.90	31.67	31,110
Jul 25, 2025	46.40	46.40	43.95	44.90	32.40	66,140
Jul 24, 2025	45.20	46.60	45.20	46.20	33.33	91,410
Jul 23, 2025	43.30	43.40	42.60	43.00	31.03	44,030
Jul 22, 2025	43.50	44.11	42.70	43.00	31.03	23,390
Jul 21, 2025	43.10	43.60	42.50	43.50	31.39	34,000
Jul 18, 2025	44.40	44.40	43.10	43.30	31.24	39,280
Jul 17, 2025	44.00	44.65	43.90	44.60	32.18	19,300
Jul 16, 2025	45.10	45.37	43.90	44.00	31.75	47,520
Jul 15, 2025	43.90	44.90	43.58	44.90	32.40	69,560
Jul 14, 2025	44.50	45.25	44.00	44.60	32.18	50,100
Jul 11, 2025	45.30	46.10	45.00	45.10	32.54	56,950
Jul 10, 2025	2.16 Dividend
Jul 10, 2025	47.40	47.40	45.30	45.50	32.83	89,180
Jul 9, 2025	49.60	50.10	49.05	49.80	34.37	83,780
Jul 8, 2025	49.70	49.95	48.40	49.40	34.10	80,440
Jul 7, 2025	50.00	50.50	49.60	50.00	34.51	87,600
Jul 3, 2025	47.30	47.60	46.80	47.30	32.65	21,270
Jul 2, 2025	47.80	48.30	46.91	47.30	32.65	27,140
Jul 1, 2025	49.00	49.30	48.20	48.40	33.41	49,880
Jun 30, 2025	47.00	47.30	46.50	47.30	32.65	17,760
Jun 27, 2025	46.30	47.80	46.20	46.70	32.23	30,980
Jun 26, 2025	46.50	46.70	45.60	46.28	31.94	17,040
Jun 25, 2025	44.00	46.76	43.95	46.10	31.82	32,810
Jun 24, 2025	42.10	44.30	42.10	43.90	30.30	27,010
Jun 23, 2025	46.00	46.00	42.20	43.00	29.68	58,410
Jun 20, 2025	45.70	47.00	45.10	46.40	32.03	18,840
Jun 18, 2025	46.90	46.90	45.40	46.30	31.96	24,690
Jun 17, 2025	45.70	46.80	45.30	46.60	32.16	23,520
Jun 16, 2025	44.50	45.70	44.50	45.30	31.27	40,480
Jun 13, 2025	46.50	46.75	44.80	45.40	31.34	40,790
Jun 12, 2025	2.53 Dividend
Jun 12, 2025	46.00	46.60	44.65	46.40	32.03	46,900
Jun 11, 2025	47.10	48.50	46.60	48.00	31.38	72,580
Jun 10, 2025	50.00	50.21	47.72	48.00	31.38	55,960
Jun 9, 2025	53.50	54.00	50.40	50.40	32.95	83,530
Jun 6, 2025	51.60	52.40	50.70	51.90	33.93	56,700
Jun 5, 2025	49.60	53.82	49.60	52.40	34.26	85,020
Jun 4, 2025	47.90	49.00	47.90	48.70	31.84	20,240
Jun 3, 2025	48.10	48.10	46.95	48.00	31.38	18,990
Jun 2, 2025	48.20	48.60	47.40	48.60	31.78	26,180
May 30, 2025	47.30	48.10	45.90	47.90	31.32	30,910
May 29, 2025	45.70	46.69	45.40	46.50	30.40	23,610
May 28, 2025	45.80	46.70	45.80	46.70	30.53	30,100
May 27, 2025	47.50	47.50	45.80	45.80	29.95	41,340
May 23, 2025	48.80	48.90	48.00	48.40	31.65	35,940
May 22, 2025	48.70	49.40	47.40	48.20	31.52	19,310
May 21, 2025	47.40	49.00	47.30	48.70	31.84	38,050
May 20, 2025	47.40	47.90	46.50	47.50	31.06	65,710
May 19, 2025	48.30	48.70	47.70	47.70	31.19	64,880
May 16, 2025	47.40	47.69	46.60	46.70	30.53	52,110
May 15, 2025	3.15 Dividend
May 15, 2025	47.50	48.50	47.00	47.00	30.73	89,480
May 14, 2025	51.00	51.40	49.60	50.20	30.76	118,450
May 13, 2025	54.40	54.70	51.22	51.80	31.74	107,920
May 12, 2025	55.00	55.80	54.00	54.90	33.64	151,250
May 9, 2025	60.20	60.30	56.50	58.50	35.85	77,940
May 8, 2025	62.30	62.30	59.70	61.00	37.38	37,000
May 7, 2025	62.40	63.40	62.00	63.40	38.85	17,890
May 6, 2025	62.90	62.95	61.90	62.90	38.55	14,660
May 5, 2025	60.50	62.40	60.50	61.20	37.50	28,530
May 2, 2025	60.60	61.40	58.70	60.40	37.01	25,720
May 1, 2025	61.00	61.30	59.30	61.30	37.57	13,920
Apr 30, 2025	60.80	62.60	60.40	60.80	37.26	36,190
Apr 29, 2025	60.80	61.10	58.60	59.50	36.46	29,820
Apr 28, 2025	59.00	62.16	58.20	61.10	37.44	27,610
Apr 25, 2025	65.70	65.80	59.42	60.70	37.20	43,410
Apr 24, 2025	68.00	68.00	65.80	65.80	40.32	21,300
Apr 23, 2025	66.50	70.00	65.60	68.30	41.86	67,960
Apr 22, 2025	72.00	72.90	69.10	70.30	43.08	43,530
Apr 21, 2025	72.10	74.10	72.10	72.30	44.31	96,770
Apr 17, 2025	5.62 Dividend
Apr 17, 2025	69.70	70.90	69.40	70.60	43.26	45,670
Apr 16, 2025	74.30	76.98	73.15	76.00	43.13	126,070
Apr 15, 2025	73.30	73.70	71.10	72.70	41.26	45,190
Apr 14, 2025	71.60	73.78	70.00	72.20	40.97	43,550
Apr 11, 2025	72.00	73.80	70.60	72.00	40.86	26,510
Apr 10, 2025	68.50	74.50	68.50	72.40	41.09	37,870
Apr 9, 2025	77.90	77.90	65.00	66.50	37.74	50,660
Apr 8, 2025	72.40	78.80	71.70	77.20	43.81	34,100
Apr 7, 2025	77.90	79.50	70.71	75.30	42.73	43,090
Apr 4, 2025	71.90	73.90	70.34	73.00	41.43	57,080
Apr 3, 2025	69.30	70.20	66.50	68.80	39.04	26,420
Apr 2, 2025	71.20	71.34	64.75	65.80	37.34	24,690
Apr 1, 2025	69.90	70.04	66.20	68.30	38.76	24,340
Mar 31, 2025	72.30	72.62	69.70	70.60	40.07	33,050
Mar 28, 2025	65.40	69.50	65.40	69.50	39.44	22,580
Mar 27, 2025	67.00	67.00	62.00	66.00	37.46	15,780
Mar 26, 2025	63.70	67.39	63.70	66.20	37.57	22,240
Mar 25, 2025	63.20	66.80	62.00	62.00	35.19	30,790
Mar 24, 2025	70.30	71.00	64.51	64.70	36.72	68,430
Mar 21, 2025	76.70	76.70	73.00	73.70	41.82	46,100
Mar 20, 2025	6.46 Dividend
Mar 20, 2025	77.20	77.20	75.70	75.90	43.07	47,360
Mar 19, 2025	83.40	83.40	81.18	82.60	43.21	95,470
Mar 18, 2025	84.00	84.20	82.70	83.60	43.73	39,690
Mar 17, 2025	79.80	82.50	79.60	82.20	43.00	47,760
Mar 14, 2025	79.60	80.60	77.60	78.00	40.80	25,890
Mar 13, 2025	78.50	82.22	78.50	80.00	41.85	26,620
Mar 12, 2025	78.00	79.97	77.10	77.70	40.65	33,070
Mar 11, 2025	83.50	84.00	80.50	82.30	43.05	34,950
Mar 10, 2025	77.00	83.80	77.00	83.70	43.78	55,630
Mar 7, 2025	75.80	77.50	74.61	75.60	39.55	17,770
Mar 6, 2025	72.60	75.60	72.60	75.00	39.23	19,910
Mar 5, 2025	72.90	73.50	71.00	72.10	37.72	7,670
Mar 4, 2025	72.60	74.50	70.10	72.90	38.14	31,590
Mar 3, 2025	67.90	71.80	66.91	70.70	36.98	18,670
Feb 28, 2025	71.20	71.90	69.20	69.20	36.20	15,670
Feb 27, 2025	69.70	71.00	68.51	70.50	36.88	19,210
Feb 26, 2025	67.50	69.80	66.54	69.20	36.20	17,460
Feb 25, 2025	64.20	68.50	64.20	67.60	35.36	54,150
Feb 24, 2025	62.90	65.00	62.70	63.80	33.37	43,350
Feb 21, 2025	61.20	63.90	61.20	62.90	32.90	55,570
Feb 20, 2025	3.81 Dividend
Feb 20, 2025	61.10	62.35	60.60	61.70	32.28	18,010
Feb 19, 2025	66.10	66.10	63.50	64.60	31.80	96,320
Feb 18, 2025	65.10	65.90	64.60	65.40	32.19	43,790
Feb 14, 2025	64.00	66.00	63.80	65.10	32.05	17,440
Feb 13, 2025	66.30	66.70	64.40	64.90	31.95	24,240
Feb 12, 2025	68.80	68.80	66.00	67.50	33.23	9,390
Feb 11, 2025	66.80	68.80	65.80	67.80	33.38	40,250
Feb 10, 2025	65.20	66.20	64.50	65.90	32.44	22,100
Feb 7, 2025	63.40	64.20	62.52	64.20	31.60	11,760
Feb 6, 2025	63.40	64.00	62.50	62.50	30.77	11,060
Feb 5, 2025	61.70	62.70	61.36	62.70	30.87	9,960
Feb 4, 2025	60.90	62.00	60.00	60.00	29.54	4,700
Feb 3, 2025	61.10	62.40	60.80	60.80	29.93	19,560
Jan 31, 2025	60.00	60.50	57.50	60.50	29.78	16,870
Jan 30, 2025	58.60	61.20	57.80	60.20	29.63	14,410
Jan 29, 2025	60.30	60.60	59.30	60.00	29.54	11,720
