Date	Open	High	Low	Close 	Adj Close 	Volume
Jan 28, 2026	35.58	35.97	35.44	35.52	35.52	816,400
Jan 27, 2026	35.92	35.92	35.46	35.55	35.55	854,800
Jan 26, 2026	36.41	36.41	35.69	35.77	35.77	669,700
Jan 23, 2026	36.50	36.79	36.35	36.68	36.68	782,000
Jan 22, 2026	0.287 Dividend
Jan 22, 2026	35.73	36.62	35.57	36.61	36.61	796,300
Jan 21, 2026	35.00	36.18	34.82	35.77	35.48	1,028,200
Jan 20, 2026	35.54	35.62	34.66	34.81	34.53	1,179,100
Jan 16, 2026	36.11	36.60	35.85	36.06	35.77	635,000
Jan 15, 2026	0.35 Dividend
Jan 15, 2026	36.18	36.40	35.99	36.05	35.76	542,400
Jan 14, 2026	36.53	36.58	36.01	36.34	35.70	537,300
Jan 13, 2026	36.90	36.97	36.56	36.74	36.09	549,900
Jan 12, 2026	36.31	37.10	36.13	36.80	36.15	803,500
Jan 9, 2026	36.00	36.78	35.62	36.61	35.97	1,029,700
Jan 8, 2026	0.318 Dividend
Jan 8, 2026	35.37	36.04	35.09	35.97	35.34	749,200
Jan 7, 2026	36.24	36.45	35.92	35.92	34.98	674,500
Jan 6, 2026	37.03	37.10	35.70	36.04	35.09	1,288,900
Jan 5, 2026	37.08	37.75	36.88	37.38	36.40	814,100
Jan 2, 2026	37.83	37.86	36.13	36.36	35.40	1,620,200
Dec 31, 2025	38.02	38.05	37.53	37.54	36.55	727,500
Dec 30, 2025	38.42	38.56	37.85	37.91	36.91	951,600
Dec 29, 2025	38.96	38.99	38.26	38.28	37.27	1,434,400
Dec 26, 2025	0.629 Dividend
Dec 26, 2025	40.10	40.32	39.27	39.38	38.35	880,400
Dec 24, 2025	40.85	41.00	40.06	40.71	39.03	612,500
Dec 23, 2025	40.83	41.00	40.48	40.69	39.01	918,200
Dec 22, 2025	40.75	41.35	40.53	40.78	39.09	1,560,300
Dec 19, 2025	40.66	40.75	39.72	40.16	38.50	1,118,200
Dec 18, 2025	0.42 Dividend
Dec 18, 2025	39.89	40.76	39.62	40.29	38.63	655,500
Dec 17, 2025	41.05	41.46	39.57	39.65	37.61	1,364,400
Dec 16, 2025	40.07	41.23	39.71	41.15	39.03	805,800
Dec 15, 2025	39.90	40.69	39.80	40.24	38.17	1,390,400
Dec 12, 2025	38.45	39.60	38.06	39.29	37.27	1,136,700
Dec 11, 2025	0.424 Dividend
Dec 11, 2025	38.59	38.59	37.89	38.44	36.46	1,033,400
Dec 10, 2025	38.69	39.52	38.53	39.14	36.72	944,500
Dec 9, 2025	37.99	39.14	37.89	38.65	36.26	579,900
Dec 8, 2025	38.71	38.83	37.79	38.13	35.78	1,692,700
Dec 5, 2025	39.09	39.42	39.06	39.22	36.80	4,199,500
Dec 4, 2025	0.935 Dividend
Dec 4, 2025	38.87	39.16	38.64	39.16	36.74	2,274,100
Dec 3, 2025	38.85	39.68	38.79	39.63	36.31	9,662,300
Dec 2, 2025	38.71	39.08	38.15	38.67	35.43	8,864,500
Dec 1, 2025	1:5 Stock Splits
Dec 1, 2025	38.26	38.84	38.26	38.68	35.44	1,964,200
Nov 28, 2025	0.48 Dividend
Nov 28, 2025	38.30	38.80	38.26	38.55	35.32	2,785,800
Nov 26, 2025	38.55	38.83	38.20	38.80	35.11	4,235,740
Nov 25, 2025	38.05	38.45	37.53	38.30	34.65	5,049,160
Nov 24, 2025	37.00	38.45	37.00	38.25	34.61	4,995,680
Nov 21, 2025	37.10	37.20	35.55	36.25	32.80	8,321,680
Nov 20, 2025	0.445 Dividend
Nov 20, 2025	38.05	38.90	36.50	36.55	33.07	11,257,820
Nov 19, 2025	37.90	38.35	37.35	37.85	33.84	5,376,600
Nov 18, 2025	37.85	38.05	36.90	37.50	33.53	6,032,340
Nov 17, 2025	37.15	39.03	37.15	38.00	33.98	6,096,560
Nov 14, 2025	36.10	38.30	35.80	37.65	33.66	6,375,280
Nov 13, 2025	0.48 Dividend
Nov 13, 2025	39.50	39.50	36.95	37.45	33.49	8,528,620
Nov 12, 2025	41.15	41.20	40.05	40.45	35.74	7,479,560
Nov 11, 2025	40.90	41.10	40.45	41.00	36.22	5,513,940
Nov 10, 2025	40.90	41.45	40.40	41.25	36.45	7,641,560
Nov 7, 2025	40.80	40.80	39.30	39.95	35.30	16,475,460
Nov 6, 2025	0.735 Dividend
Nov 6, 2025	42.35	42.60	40.35	41.20	36.40	11,924,120
Nov 5, 2025	42.30	43.30	41.50	43.00	37.34	10,340,440
Nov 4, 2025	42.50	42.90	41.70	41.75	36.26	9,071,080
Nov 3, 2025	42.50	43.78	42.45	43.35	37.65	7,970,820
Oct 31, 2025	41.85	42.60	41.65	42.55	36.95	7,333,520
Oct 30, 2025	0.565 Dividend
Oct 30, 2025	41.85	42.25	41.15	41.20	35.78	6,257,160
Oct 29, 2025	43.25	43.42	42.60	43.20	37.03	7,390,620
Oct 28, 2025	42.80	43.53	42.55	43.10	36.94	9,204,920
Oct 27, 2025	41.85	43.10	41.70	42.60	36.51	9,825,400
Oct 24, 2025	42.20	42.35	41.00	41.30	35.40	7,148,400
Oct 23, 2025	0.825 Dividend
Oct 23, 2025	39.95	42.20	39.35	42.20	36.17	10,681,080
Oct 22, 2025	42.30	42.45	41.18	42.00	35.29	7,314,440
Oct 21, 2025	42.30	42.70	42.15	42.25	35.50	5,460,160
Oct 20, 2025	42.25	42.75	42.05	42.55	35.75	8,414,120
Oct 17, 2025	40.75	42.08	40.65	41.90	35.21	9,426,080
Oct 16, 2025	0.97 Dividend
Oct 16, 2025	41.55	41.85	40.35	41.05	34.49	9,310,900
Oct 15, 2025	42.40	42.75	41.65	42.45	34.85	11,272,700
Oct 14, 2025	41.70	42.25	40.90	41.90	34.40	9,611,420
Oct 13, 2025	41.30	42.40	41.05	42.35	34.77	9,810,260
Oct 10, 2025	42.40	42.83	40.20	40.35	33.13	6,235,480
Oct 9, 2025	41.95	42.30	41.40	42.25	34.69	9,806,840
Oct 8, 2025	42.25	42.63	41.25	42.45	34.85	6,513,760
Oct 7, 2025	43.00	43.33	41.80	41.90	34.40	7,144,340
Oct 6, 2025	42.45	43.40	42.20	43.35	35.59	5,126,300
Oct 3, 2025	43.10	43.35	40.53	41.70	34.24	7,567,160
Oct 2, 2025	4.01 Dividend
Oct 2, 2025	45.10	45.10	42.30	42.30	34.73	6,970,040
Oct 1, 2025	47.15	48.45	46.90	48.25	36.32	5,034,900
Sep 30, 2025	46.95	47.20	46.25	47.15	35.49	3,698,180
Sep 29, 2025	47.15	47.58	46.75	47.00	35.38	3,665,900
Sep 26, 2025	45.80	46.73	45.10	46.70	35.16	5,868,060
Sep 25, 2025	46.10	46.10	44.85	45.30	34.10	4,029,520
Sep 24, 2025	45.65	46.65	45.60	46.55	35.04	2,908,920
Sep 23, 2025	46.40	46.40	45.17	45.35	34.14	4,452,080
Sep 22, 2025	45.60	46.70	45.50	45.90	34.55	5,098,320
Sep 19, 2025	44.80	45.45	44.70	45.25	34.06	4,673,700
Sep 18, 2025	45.15	45.50	44.20	44.20	33.27	5,425,300
Sep 17, 2025	44.00	45.08	43.40	44.85	33.76	5,650,960
Sep 16, 2025	43.75	44.60	43.55	44.50	33.50	5,615,260
Sep 15, 2025	44.50	44.70	42.75	43.40	32.67	7,484,640
Sep 12, 2025	40.30	42.15	40.30	42.10	31.69	7,014,680
Sep 11, 2025	38.75	40.15	38.53	40.15	30.22	4,390,280
Sep 10, 2025	38.75	39.25	38.38	38.50	28.98	3,239,740
Sep 9, 2025	38.55	38.72	38.10	38.40	28.91	2,217,160
Sep 8, 2025	38.90	39.25	38.15	38.30	28.83	2,983,760
Sep 5, 2025	38.63	38.90	38.30	38.65	29.10	6,986,960
Sep 4, 2025	1.965 Dividend
Sep 4, 2025	37.65	37.90	37.15	37.85	28.49	3,807,920
Sep 3, 2025	39.50	40.20	38.72	39.40	28.18	5,524,360
Sep 2, 2025	38.70	39.15	38.38	38.80	27.75	3,584,220
Aug 29, 2025	40.45	40.58	38.90	39.15	28.00	3,410,600
Aug 28, 2025	40.65	40.90	39.76	40.35	28.86	3,150,300
Aug 27, 2025	40.70	40.97	40.50	40.55	29.00	2,897,340
Aug 26, 2025	40.10	40.68	40.03	40.65	29.08	3,027,280
Aug 25, 2025	39.65	40.45	39.35	40.20	28.75	3,931,740
Aug 22, 2025	37.90	39.70	37.75	39.70	28.40	5,117,260
Aug 21, 2025	38.00	38.35	37.65	37.80	27.04	3,501,820
Aug 20, 2025	38.70	38.97	37.13	38.25	27.36	5,118,220
Aug 19, 2025	39.30	39.70	38.58	38.70	27.68	3,441,100
Aug 18, 2025	38.65	39.35	38.65	39.20	28.04	2,490,640
Aug 15, 2025	39.35	39.53	38.30	38.70	27.68	4,767,420
Aug 14, 2025	39.10	39.60	38.63	39.15	28.00	3,218,760
Aug 13, 2025	39.55	40.13	39.35	39.45	28.22	3,164,620
Aug 12, 2025	39.70	39.75	38.75	39.50	28.25	3,417,520
Aug 11, 2025	38.90	39.80	38.80	39.25	28.07	3,668,600
Aug 8, 2025	38.05	38.70	38.05	38.40	27.47	4,178,040
Aug 7, 2025	1.505 Dividend
Aug 7, 2025	37.90	38.10	37.60	38.10	27.25	2,790,200
Aug 6, 2025	38.40	39.35	38.30	39.35	27.07	2,880,900
Aug 5, 2025	38.45	38.70	38.00	38.45	26.45	3,696,440
Aug 4, 2025	38.25	38.60	37.75	38.35	26.38	3,953,800
Aug 1, 2025	37.90	38.35	36.95	37.60	25.87	3,935,560
Jul 31, 2025	39.30	39.45	37.90	38.15	26.24	3,112,340
Jul 30, 2025	39.35	39.55	38.47	39.15	26.93	2,313,500
Jul 29, 2025	39.55	39.55	39.00	39.25	27.00	2,772,740
Jul 28, 2025	39.05	39.85	38.80	39.55	27.21	2,242,520
Jul 25, 2025	38.05	39.55	38.00	38.75	26.66	4,144,480
Jul 24, 2025	38.30	38.30	37.05	37.65	25.90	4,930,180
Jul 23, 2025	40.40	40.79	40.08	40.45	27.83	4,014,400
Jul 22, 2025	40.15	40.75	39.30	40.40	27.79	5,791,640
Jul 21, 2025	40.60	40.95	39.90	40.15	27.62	5,211,340
Jul 18, 2025	39.55	40.25	39.55	40.15	27.62	2,582,860
Jul 17, 2025	39.55	39.70	39.15	39.35	27.07	3,258,460
Jul 16, 2025	38.70	39.55	38.70	39.40	27.10	4,841,160
Jul 15, 2025	39.10	39.30	38.45	38.50	26.48	4,680,360
Jul 14, 2025	38.70	39.30	38.55	38.95	26.79	5,366,960
Jul 11, 2025	38.00	38.65	37.75	38.55	26.52	5,078,800
Jul 10, 2025	1.935 Dividend
Jul 10, 2025	37.20	38.28	37.10	38.20	26.28	5,478,000
Jul 9, 2025	38.85	39.08	38.26	38.60	25.22	8,999,100
Jul 8, 2025	38.70	39.50	38.35	38.80	25.35	5,713,740
Jul 7, 2025	38.03	38.50	37.60	38.30	25.03	8,680,480
Jul 3, 2025	40.85	40.85	40.20	40.55	26.50	8,667,660
Jul 2, 2025	40.00	40.65	39.15	40.50	26.46	13,929,620
Jul 1, 2025	38.55	39.35	37.78	38.75	25.32	15,701,940
Jun 30, 2025	41.15	41.65	40.67	40.85	26.69	28,055,500
Jun 27, 2025	41.55	42.03	40.70	41.45	27.08	13,676,160
Jun 26, 2025	41.50	42.15	41.30	41.65	27.21	13,602,020
Jun 25, 2025	43.55	43.55	40.80	41.75	27.28	13,120,560
Jun 24, 2025	44.70	44.74	43.13	43.15	28.19	24,097,480
Jun 23, 2025	42.15	44.72	42.15	43.90	28.69	19,092,640
Jun 20, 2025	42.05	42.55	41.05	41.60	27.18	6,368,440
Jun 18, 2025	40.80	42.20	40.65	41.45	27.08	5,012,480
Jun 17, 2025	41.65	41.75	40.53	40.70	26.59	2,874,320
Jun 16, 2025	41.85	42.15	41.55	41.90	27.38	2,181,380
Jun 13, 2025	40.35	42.00	40.30	41.40	27.05	2,197,220
Jun 12, 2025	2.015 Dividend
Jun 12, 2025	41.30	42.00	40.70	40.90	26.72	1,366,620
Jun 11, 2025	44.05	44.10	43.17	43.55	27.14	1,979,740
Jun 10, 2025	42.40	43.50	41.91	43.35	27.02	1,546,580
Jun 9, 2025	38.97	41.70	38.45	41.60	25.92	2,285,340
Jun 6, 2025	40.35	41.15	39.40	40.20	25.05	1,991,180
Jun 5, 2025	43.60	43.80	37.05	38.50	23.99	3,861,020
Jun 4, 2025	46.50	46.50	44.13	44.80	27.92	1,463,940
Jun 3, 2025	46.60	47.67	46.20	46.30	28.85	806,720
Jun 2, 2025	46.05	46.65	44.85	46.10	28.73	1,252,180
May 30, 2025	47.55	48.30	46.20	46.40	28.92	1,062,340
May 29, 2025	48.20	48.33	47.50	47.70	29.73	695,120
May 28, 2025	48.00	48.00	47.35	47.45	29.57	618,960
May 27, 2025	46.50	47.90	46.50	47.75	29.76	1,033,360
May 23, 2025	45.20	45.95	44.75	45.50	28.35	668,400
May 22, 2025	44.50	46.35	44.40	45.60	28.42	683,960
May 21, 2025	45.90	46.29	44.45	44.75	27.89	934,140
May 20, 2025	46.10	46.90	45.55	45.75	28.51	996,520
May 19, 2025	44.70	45.60	44.47	45.45	28.32	1,235,500
May 16, 2025	45.65	46.20	45.35	46.20	28.79	1,406,960
May 15, 2025	3.8 Dividend
May 15, 2025	44.95	45.58	44.28	45.25	28.20	1,234,020
May 14, 2025	49.00	49.65	48.40	49.45	28.45	2,910,360
May 13, 2025	47.05	48.38	46.75	48.10	27.67	1,697,300
May 12, 2025	47.20	47.20	46.19	46.85	26.95	1,601,860
May 9, 2025	43.65	45.24	43.63	44.70	25.72	1,033,320
May 8, 2025	42.20	43.45	42.10	42.85	24.65	800,700
May 7, 2025	41.70	41.80	40.83	41.50	23.87	672,100
May 6, 2025	41.20	41.65	40.88	41.40	23.82	513,260
May 5, 2025	42.50	42.60	41.20	42.05	24.19	544,180
May 2, 2025	42.50	43.45	41.75	42.80	24.62	969,180
May 1, 2025	41.50	42.90	41.50	41.70	23.99	536,040
Apr 30, 2025	41.50	42.10	40.25	41.80	24.05	529,020
Apr 29, 2025	42.15	42.90	41.35	42.80	24.62	491,080
Apr 28, 2025	42.40	42.95	40.42	42.10	24.22	764,660
Apr 25, 2025	40.30	41.78	40.05	41.60	23.93	1,474,760
Apr 24, 2025	38.85	39.95	38.63	39.95	22.98	522,620
Apr 23, 2025	38.65	39.55	37.77	38.65	22.24	994,880
Apr 22, 2025	35.70	37.15	35.55	36.50	21.00	878,240
Apr 21, 2025	35.80	35.90	34.50	35.25	20.28	1,331,560
Apr 17, 2025	3.3 Dividend
Apr 17, 2025	37.40	37.53	36.50	37.00	21.29	934,360
Apr 16, 2025	41.55	41.95	39.15	40.40	21.34	1,562,400
Apr 15, 2025	41.45	42.60	41.20	42.15	22.27	739,300
Apr 14, 2025	42.20	42.53	40.75	41.75	22.06	785,160
Apr 11, 2025	41.05	41.67	39.72	41.40	21.87	789,760
Apr 10, 2025	41.35	41.65	39.15	40.90	21.61	647,240
Apr 9, 2025	36.65	42.50	36.65	42.20	22.29	990,080
Apr 8, 2025	39.50	40.30	35.78	36.25	19.15	679,020
Apr 7, 2025	36.40	40.10	35.10	37.95	20.05	763,420
Apr 4, 2025	41.05	41.95	38.05	38.60	20.39	981,100
Apr 3, 2025	42.45	43.70	41.95	42.80	22.61	835,780
Apr 2, 2025	40.85	44.40	40.30	44.25	23.38	1,108,060
Apr 1, 2025	41.95	43.45	41.35	42.45	22.43	636,100
Mar 31, 2025	39.85	41.35	38.90	41.20	21.77	587,400
Mar 28, 2025	43.40	43.40	41.20	41.60	21.98	638,980
Mar 27, 2025	42.80	44.63	42.75	42.95	22.69	795,200
Mar 26, 2025	43.75	44.01	42.00	42.60	22.51	916,920
Mar 25, 2025	43.70	44.28	42.45	44.20	23.35	989,240
Mar 24, 2025	41.05	43.30	41.05	43.30	22.88	1,414,560
Mar 21, 2025	38.65	40.35	38.60	40.35	21.32	995,100
Mar 20, 2025	2.32 Dividend
Mar 20, 2025	38.40	39.00	37.95	38.80	20.50	1,045,640
Mar 19, 2025	40.35	41.85	39.92	41.05	20.46	1,025,860
Mar 18, 2025	39.80	39.97	38.70	39.30	19.59	1,274,940
Mar 17, 2025	42.15	42.15	40.40	41.20	20.54	1,152,600
Mar 14, 2025	42.10	42.80	41.27	42.60	21.23	784,540
Mar 13, 2025	42.35	42.35	40.05	41.20	20.54	754,340
Mar 12, 2025	42.00	42.67	41.13	42.20	21.03	951,200
Mar 11, 2025	38.50	40.40	37.35	39.40	19.64	1,050,240
Mar 10, 2025	42.75	42.90	37.63	37.95	18.92	1,368,080
Mar 7, 2025	43.75	44.63	42.38	44.20	22.03	598,300
Mar 6, 2025	45.65	45.65	43.66	44.20	22.03	651,620
Mar 5, 2025	45.70	46.67	44.85	46.60	23.23	518,700
Mar 4, 2025	45.20	47.25	43.90	45.50	22.68	725,500
Mar 3, 2025	49.50	49.80	46.25	47.35	23.60	525,400
Feb 28, 2025	46.55	48.53	45.65	48.35	24.10	581,960
Feb 27, 2025	48.20	49.00	46.61	46.80	23.33	812,140
Feb 26, 2025	50.15	50.95	47.70	48.05	23.95	1,245,560
Feb 25, 2025	53.65	53.80	49.05	49.85	24.85	1,561,780
Feb 24, 2025	55.40	55.90	53.45	54.40	27.12	1,278,060
Feb 21, 2025	57.55	57.67	54.70	55.15	27.49	1,259,220
Feb 20, 2025	2.895 Dividend
Feb 20, 2025	58.10	58.15	56.60	57.55	28.69	699,180
Feb 19, 2025	60.05	61.35	60.05	60.85	28.89	1,222,960
Feb 18, 2025	60.25	60.50	59.52	60.00	28.48	1,140,720
Feb 14, 2025	60.70	60.70	58.90	60.05	28.51	736,180
Feb 13, 2025	58.55	60.15	58.10	59.90	28.44	664,800
Feb 12, 2025	55.75	58.55	55.75	57.10	27.11	865,580
Feb 11, 2025	58.50	59.05	55.15	55.65	26.42	1,032,040
Feb 10, 2025	60.30	61.20	59.25	59.30	28.15	922,380
Feb 7, 2025	62.05	63.50	60.76	60.95	28.93	589,040
Feb 6, 2025	62.55	62.90	61.00	62.70	29.77	728,560
Feb 5, 2025	64.95	64.95	62.95	63.35	30.07	502,200
Feb 4, 2025	63.85	65.68	63.76	65.45	31.07	427,320
Feb 3, 2025	64.70	64.85	62.58	64.05	30.41	670,580
Jan 31, 2025	66.55	68.90	66.55	67.05	31.83	734,600
Jan 30, 2025	67.50	67.80	63.90	66.35	31.50	1,458,520
Jan 29, 2025	65.00	65.50	63.47	64.05	30.41	979,740
